1600.0 1 996605 -71.3222919 41.9760608
13060.0 1 970944 -71.210684 42.038483
2860.0 3 818931 -71.3005985 42.1903593
2498.0 4 642423 -71.6496986 42.1513962
1761.0 1 556810 -71.5144669 42.1721378
1447.0 2 967170 -71.4946 41.6567
2650.0 4 943218 -71.6822507 42.1166286
2350.0 2 970181 -71.327754 41.993686
3200.0 3 989988 -71.2592819 42.1034666
2000.0 2 980465 -71.3493993 41.8911945
2300.0 2 993655 -71.2796067 41.9493971
2100.0 3 961866 -71.6825207 42.1142486
2400.0 3 966146 -71.400946 42.0824768
1900.0 2 961872 -71.6825207 42.1142486
1300.0 1 989714 -71.3222919 41.9760608
1300.0 1 983956 -71.3222919 41.9760608
1650.0 1 957565 -71.350808 41.8614705
2200.0 3 977614 -71.884176 42.0435398
2650.0 3 889470 -71.5264688 42.1334962
1700.0 2 970193 -71.8663569 42.0485221
2150.0 3 707068 -71.8663345 42.0485239
2200.0 3 537572 -72.02723 42.0833
1800.0 2 963104 -71.4558268 41.8605398
1896.0 2 753542 -71.8826332 42.0483409
1992.0 3 798384 -71.6496056 42.1514252
0 0 963756 -71.300981 42.190221
2400.0 4 953796 -71.6827107 42.1150886
1892.0 2 960878 -71.8780615 42.0545168
2707.0 3 921792 -71.3917009 41.8206966
800.0 4 948984 -71.8753751 42.0517461
2100.0 3 953791 -71.6825207 42.1142486
2150.0 4 902321 -72.0278581 42.0789871
1792.0  41971 -71.8782367 42.0546063
2100.0  484336 -71.8741103 42.0539179
2269.0  936526 -71.3916918 41.8208536
1835.0  584731 -71.6823654 42.1134376
1800.0  840663 -72.0286671 42.0811393
2450.0  907396 -71.2408706 41.9553454
2000.0  637473 -72.0254506 42.070398
1900.0  920280 -72.0425016 42.0880672
1696.0  209000 -71.8825869 42.0483334
2406.0  556816 -71.5144669 42.1721378
2089.0  556812 -71.5144669 42.1721378
3837.0  846167 -71.3005985 42.1903593
3440.0  846162 -71.3005985 42.1903593
2977.0  846159 -71.3005985 42.1903593
2481.0  846144 -71.3005985 42.1903593
2000.0  637468 -72.0424895 42.0880379
1296.0  55543 -71.8780475 42.0545215
4066.0  991362 -71.2107 42.0385
1650.0  978764 -71.3364379 41.9824633
2500.0  690080 -71.4510567 41.8135106
2850.0  991492 -71.3656404 42.1588366
1450.0  994226 -71.3875313 41.8831753
2100.0  993282 -71.4354439 41.8532871
2600.0  993688 -71.4997544 42.0182954
2100.0  539678 -71.877653 42.0475478
4600.0  993498 -71.5234972 42.1432619
4200.0  993495 -71.5303306 42.1381672
3000.0  992972 -72.0794689 41.5270104
1220.0  985397 -71.4097129 41.891407
1450.0  978462 -71.88202 42.049625
2175.0  919246 -71.2177187 42.0269745
4200.0  982466 -71.3666822 41.9074139
1800.0  990754 -71.8691011 42.0565792
2400.0  990744 -72.0478401 41.5625091
1800.0  977671 -72.0565961 41.5386914
3400.0  635392 -71.4948264 42.018578
1595.0  985135 -72.0501034 41.5948461
1835.0  984756 -71.2434184 42.0486168
1300.0  580365 -71.8783405 42.0278639
1850.0  979460 -72.0756067 41.5324833
2300.0  978459 -72.0436797 42.0836523
2300.0  769225 -72.0439614 42.08333
1900.0  977878 -71.8842081 42.0464253
2500.0  976328 -71.5185288 42.1409406
2500.0  951778 -71.2825334 41.9467436
1400.0  968377 -71.4256459 41.8456687
2000.0  950567 -71.3594651 41.8849581
2000.0  966778 -71.8837912 42.160523
2000.0  966780 -71.8837912 42.160523
1800.0  262996 -71.2080211 42.1733474
2200.0  964657 -72.0352193 42.0721986
1895.0  958514 -71.4074704 41.8392153
1900.0  959315 -71.4784277 41.8565829
1800.0  960565 -72.026908 42.072346
2165.0  824740 -71.8777447 42.04753
1500.0  953832 -71.5016218 41.8711021
2200.0  783323 -71.8794372 42.0571438
2295.0  948288 -72.0501034 41.5948461
2295.0  948283 -72.0501034 41.5948461
2100.0  175256 -71.8789048 42.049382
1900.0  943347 -72.0413767 42.0820286
2000.0  912042 -71.8842081 42.0464253
1750.0  938366 -71.687278 42.1778135
2800.0  701940 -72.0659786 41.5230096
2475.0  819293 -71.2105841 42.0384742
1625.0  932885 -72.0816282 41.5368213
2100.0  931725 -72.0252654 42.0800664
1600.0  929353 -71.9774686 41.6046486
2200.0  918035 -71.3370246 41.8090868
2000.0  928872 -71.3370246 41.8090868
1650.0  924176 -72.0252191 42.0804334
1447.0  174608 -71.4539618 41.8233894
2100.0  908333 -71.4280936 41.8365722
2000.0  908425 -71.8693521 42.0559963
2000.0  908423 -71.8693521 42.0559963
1695.0  901151 -71.28802 41.94818
1750.0  900011 -71.8809337 42.0474768
1900.0  898731 -72.0400805 42.0827182
2100.0  898729 -71.8784027 42.0579766
2500.0  825369 -71.3376559 41.9784662
2367.0  537000 -71.3713503 42.0796852
2046.0  536854 -71.3713503 42.0796852
1705.0  617007 -71.3713503 42.0796852
2000.0  355105 -71.2080211 42.1733474
1400.0  504733 -71.3134522 42.0664767
2200.0  786021 -71.28802 41.94818
2495.0  733960 -71.3616278 41.8174789
1600.0  778003 -71.4793537 41.8562002
3000.0  753848 -72.0485185 41.5688533
1850.0  728952 -71.8248376 42.0312898
1800.0  711865 -71.400558 41.8664202
1800.0  701688 -71.8906 41.96877
2100.0  640953 -72.021447 42.0824484
2330.0  655449 -71.423086 41.821858
2810.0  655447 -71.423086 41.821858
1400.0  624207 -71.897131 41.9832558
2000.0  589128 -71.8736901 42.0522883
1800.0  595932 -71.3370067 41.8090962
1255.0  500001 -71.4869589 41.8582009
1050.0  565935 -72.0735043 41.5280845
1400.0  507658 -71.3370067 41.8090962
1200.0  211908 -72.0499445 41.5567275
1532.0  127340 -71.6383649 42.0920728
1800.0  189373 -71.2425256 42.0564181
2300.0 3 185872 -71.7798327 42.2569814
2150.0 3 996628 -71.8254882 42.2437557
2400.0 3 996490 -71.8120081 42.2537776
2400.0 4 968186 -71.7943944 42.2539365
2400.0 3 965713 -71.7952243 42.2397956
2350.0 3 990355 -71.8233107 42.2459778
2493.0 3 973778 -71.7952387 42.2699621
1757.0 2 890274 -71.4116795 42.6619379
1661.0 2 971526 -71.8020623 42.3256909
1725.0 1 843463 -71.8014642 42.3251536
2400.0 3 994614 -71.7919172 42.2680927
2500.0 4 996391 -71.7919172 42.2680927
2000.0 2 996432 -71.7919172 42.2680927
1700.0 2 996457 -71.7919172 42.2680927
2450.0 4 996467 -71.7943944 42.2539365
2450.0 3 994623 -71.7967907 42.2499548
2100.0 3 513192 -71.8001267 42.2416951
1700.0 2 224414 -71.7957179 42.252913
2600.0 4 996364 -71.8297442 42.2471208
2650.0 3 850274 -71.3218987 42.6311463
2350.0 4 428524 -71.8121268 42.2629153
2200.0 3 504466 -71.8156822 42.2437347
2400.0 3 454395 -71.8256785 42.2555563
2100.0 2 996149 -71.772423 42.254371
1975.0 3 657102 -71.782472 42.2671883
1975.0 2 957199 -71.5298085 42.8017782
2195.0 3 969554 -71.4710059 42.7581392
1800.0 2 781613 -71.8301902 42.2461644
2875.0 4 978003 -71.3071406 42.6358287
3075.0 4 995427 -71.3071406 42.6358287
2600.0 3 995032 -71.7943464 42.2525631
2800.0 4 989546 -71.6824781 42.4194512
1900.0  963755 -71.459953 42.432447
1800.0  987007 -71.7625272 42.2295763
3000.0  935700 -71.3127275 42.6396911
2300.0  938441 -71.6850287 42.4304845
2400.0  974293 -71.7882386 42.256409
2100.0  789282 -71.7779621 42.252595
1730.0  966762 -71.5427706 42.4930649
1795.0  991015 -71.5417014 42.4954292
2500.0  586439 -71.7652885 42.2600023
2200.0  992845 -71.7991782 42.2523407
2400.0  992874 -71.7868008 42.2558786
2350.0  188865 -71.7989955 42.239452
2350.0  397287 -71.7844661 42.2728764
2350.0  327357 -71.793018 42.281794
1697.0  848606 -71.4713073 42.7555953
2950.0  971241 -71.4051463 42.2781909
3100.0  595023 -71.405144 42.2781767
2700.0  981305 -71.7942888 42.2433506
1375.0  991513 -71.9945879 42.5745807
2200.0  991500 -71.8101054 42.2638348
2400.0  991404 -71.8101054 42.2638348
2400.0  982973 -71.8132349 42.2626817
1757.0  967228 -71.4153 42.6621
2574.0  378148 -71.7993415 42.5853418
2350.0  953960 -71.7796408 42.2598586
1800.0  925601 -71.994518 42.5791278
2350.0  313075 -71.8109335 42.2620442
2500.0  986155 -71.7893169 42.2690328
2900.0  121830 -71.7757088 42.2703234
2700.0  89319 -71.8272719 42.253725
2200.0  770056 -71.7885435 42.2543065
3000.0  129434 -71.7902579 42.2811677
2800.0  428784 -71.7987368 42.247025
2400.0  151446 -71.8273224 42.2441274
2500.0  76858 -71.7968835 42.3013316
3000.0  613151 -71.8353834 42.263122
3200.0  90157 -71.82895 42.253609
2800.0  211547 -71.8223481 42.2565923
2800.0  500359 -71.8172691 42.2658672
2800.0  25094 -71.790612 42.264294
3000.0  6660 -71.7997843 42.2513234
3000.0  53040 -71.8319552 42.2513369
2800.0  25093 -71.8354297 42.2654041
2800.0  219528 -71.7992001 42.304356
3000.0  649893 -71.7903375 42.2822361
2800.0  84941 -71.7931103 42.2775527
2800.0  85354 -71.8184198 42.2443837
2600.0  157268 -71.8208364 42.2567181
2900.0  99061 -71.788355 42.2520741
2600.0  443345 -71.8349201 42.2477556
2500.0  71002 -71.826919 42.2541789
2500.0  5454 -71.7904432 42.2801172
2600.0  696741 -71.7974858 42.2466338
2706.0  794121 -71.7777013 42.2708735
2800.0  59493 -71.7926209 42.2775293
2450.0  15300 -71.8128678 42.2626495
2400.0  666673 -71.790446 42.282095
2100.0  912087 -71.7914179 42.2554234
2400.0  907276 -71.79153 42.25541
2800.0  675430 -71.7904432 42.2819435
1750.0  797869 -71.8229678 42.2546278
1750.0  924015 -71.8377208 42.5738786
2200.0  986908 -71.8122423 42.2587625
2100.0  986912 -71.8122423 42.2587625
2500.0  986363 -71.793704 42.2504104
2595.0  973311 -71.2493705 42.3133287
2300.0  34864 -71.7813154 42.2581938
2200.0  899419 -71.4169617 42.2754352
1875.0  985152 -71.7968037 42.247552
1103.0  830332 -71.8029343 42.5867802
2000.0  961130 -71.3227139 42.6454331
2600.0  447077 -71.8122552 42.2623727
2300.0  246808 -71.7881265 42.2467054
1950.0  982861 -71.7906668 42.5747176
2050.0  955098 -71.7859654 42.2599724
1875.0  943657 -71.7968037 42.247552
2450.0  926429 -71.7836714 42.2735403
2800.0  978960 -71.7977108 42.2435786
3300.0  978621 -71.7754423 42.2444136
2250.0  584359 -71.3207571 42.6361526
3300.0  975839 -71.7754423 42.2444136
2100.0  125186 -71.81757 42.2630445
2100.0  73284 -71.7874315 42.2555041
2700.0  545540 -71.55048 42.34734
2000.0  589699 -71.30189 42.64989
2400.0  974289 -71.7882386 42.256409
2450.0  971271 -71.8120081 42.2537776
2300.0  973743 -71.3059506 42.6352287
1854.0  440692 -71.8159255 42.2450624
2500.0  493587 -71.2989185 42.6286089
2900.0  547131 -71.2983481 42.6389906
1895.0  965388 -71.3339811 42.651868
2895.0  967496 -71.3967772 42.4570475
1095.0  967471 -71.3120387 42.6402427
0  963759 -71.437355 42.329293
2050.0  261967 -71.7882192 42.2653644
2250.0  965750 -71.81516 42.24616
2450.0  965723 -71.8149433 42.2460288
2450.0  965702 -71.8364026 42.2469159
1395.0  965371 -71.3086254 42.6405574
1900.0  961840 -71.7799694 42.2531499
2000.0  589705 -71.3017352 42.6498337
1500.0  957267 -71.7860766 42.27294
1600.0  755145 -71.7860915 42.2729692
1650.0  954620 -71.7906668 42.5747176
2900.0  415823 -71.5505341 42.3448772
1599.0  951060 -71.4562971 42.7591182
1690.0  796544 -71.49165 42.87131
2500.0  946715 -71.5589205 42.3507456
2500.0  945778 -71.5589205 42.3507456
1900.0  585819 -71.4693419 42.7563623
3000.0  637017 -71.5596682 42.3456873
2000.0  943467 -71.4714769 42.7526345
2500.0  783489 -71.7929812 42.2515549
2300.0  901710 -71.8400624 42.2475135
1270.0  940447 -71.8057757 42.2595332
2300.0  761580 -71.7870463 42.2766903
2300.0  891884 -71.7870463 42.2766903
2100.0  938162 -71.559274 42.3417609
2300.0  850065 -71.8027225 42.2536939
2000.0  922121 -71.7907306 42.2564367
2000.0  927150 -71.8006071 42.2404253
1900.0  902318 -71.7905561 42.5821844
1950.0  678894 -71.6459436 42.5449974
2000.0  922110 -71.7907306 42.2564367
2886.0  921673 -71.2430006 42.4663386
1900.0  645617 -71.4695274 42.7562826
1900.0  922101 -71.4695074 42.756298
3200.0  185487 -71.5621256 42.3444214
1875.0  111016 -71.7831688 42.2674451
1900.0  899423 -71.4169617 42.2754352
1800.0  693157 -71.7902115 42.2692322
1800.0  756583 -71.7860915 42.2729692
3795.0  707856 -71.5668548 42.5502028
3500.0  306241 -71.7989457 42.2508928
3200.0  554613 -71.7885899 42.2652387
1650.0  83288 -71.8158716 42.2540099
4295.0  897691 -71.7490185 42.6869002
2000.0  151445 -71.8032541 42.2707146
2000.0  613149 -71.8114738 42.2895127
4000.0  729946 -71.2388595 42.3592805
2400.0  796538 -71.7813154 42.2518922
1495.0  848617 -71.47101 42.75541
1950.0  848601 -71.4713073 42.7555953
2977.0  744004 -71.4377539 42.3291915
2300.0  565287 -71.3203685 42.6437754
2300.0  316606 -71.7913882 42.2647663
2300.0  678931 -71.7813154 42.2518922
2300.0  679087 -71.7813154 42.2518922
2300.0  761289 -71.7879138 42.2462652
2000.0  752016 -71.4714721 42.7526117
2000.0  752014 -71.4714721 42.7526117
1600.0  745742 -71.7913004 42.2743497
2200.0  189071 -71.7847441 42.2673676
2300.0  697944 -71.7813154 42.2518922
1700.0  700147 -71.4711973 42.7528222
2200.0  539971 -71.7812691 42.2518473
2200.0  667502 -71.7813154 42.2518922
1500.0  614307 -71.8178421 42.2568227
2195.0  633892 -71.5741447 42.5533164
2100.0  438928 -71.4143978 42.4930356
2195.0  567452 -71.5741447 42.5533164
3475.0  584290 -71.2313648 42.2136939
2170.0  431046 -71.5585322 42.3989756
2350.0  996298 -71.4531989 42.7625787
1550.0  996275 -71.9930748 42.5766513
2100.0  495909 -71.7888215 42.2510705
2800.0  983263 -71.7907675 42.2828165
2400.0  994954 -71.7822984 42.2509114
2500.0  995359 -71.7778455 42.2500454
2600.0  995357 -71.7778455 42.2500454
2700.0  995354 -71.7778455 42.2500454
2500.0  995348 -71.7779793 42.2576472
2100.0  995091 -71.8258093 42.2560912
2700.0  460876 -71.819173 42.2469739
1700.0  994841 -71.7979326 42.586397
2250.0  994827 -71.7924166 42.2761862
2100.0  993705 -71.7971815 42.586211
2000.0  994588 -71.8258093 42.2560912
2611.0  963152 -71.2956569 42.3059892
2400.0  993090 -71.7906841 42.2465883
3400.0  990895 -71.5665914 42.3462822
2300.0  587277 -71.793303 42.2525577
2500.0  994241 -71.8158546 42.252174
2200.0  75566 -71.791949 42.266553
2100.0  993935 -71.7932533 42.2550758
2500.0  810729 -71.7980781 42.2428583
2500.0  966913 -71.7976612 42.2423323
3800.0  990017 -71.3942916 42.2692124
3000.0  993456 -71.3269754 42.6486193
2600.0  942965 -71.3324314 42.6574373
2200.0  992128 -71.7392634 42.2655736
2200.0  992117 -71.7392634 42.2655736
1700.0  980435 -71.7603555 42.5297786
1749.0  670924 -71.9931209 42.5769886
2200.0  989607 -71.7901374 42.2843305
3500.0  990989 -71.5564682 42.3478922
2600.0  975466 -71.7932223 42.2797222
2200.0  800049 -71.7993869 42.2535674
2199.0  132925 -71.8152769 42.2653551
1800.0  757591 -71.8105976 42.2936269
3500.0  990029 -71.3942916 42.2692124
2500.0  965557 -71.7904465 42.2721213
2350.0  980926 -71.7796408 42.2598586
2008.0  989178 -71.782953 42.262831
2100.0  780280 -71.8172228 42.2579547
2000.0  988620 -71.8171061 42.2453109
2000.0  988618 -71.8171061 42.2453109
2500.0  988476 -71.8345144 42.5792117
2500.0  988471 -71.8345144 42.5792117
2350.0  325899 -71.7960032 42.2434447
2000.0  780281 -71.8172228 42.2579547
2100.0  987935 -71.7861815 42.2736309
2300.0  987474 -71.8565309 42.2399896
3100.0  987309 -71.3010511 42.6442173
3000.0  925208 -71.79301 42.25636
2000.0  986907 -71.4604484 42.7488553
2100.0  977341 -71.7932232 42.2292997
1861.0  985943 -71.4467248 42.4800384
1850.0  129472 -71.6849943 42.4183366
3200.0  978279 -71.4256226 42.2722515
2400.0  983542 -71.304148 42.6180883
2600.0  983399 -71.43721 42.27164
2200.0  982570 -71.7772808 42.2564589
2400.0  978719 -71.7962591 42.2465171
2400.0  483946 -71.456289 42.4321871
4150.0  900501 -71.5507659 42.3500482
2300.0  584565 -71.3647129 42.6774051
2100.0  935340 -71.3098086 42.6591377
2300.0  981467 -71.3172841 42.6317693
1439.0  980530 -71.3085306 42.6750387
3350.0  980498 -71.4194008 42.2598572
3820.0  963024 -71.5265998 42.228725
2200.0  979782 -71.3029271 42.6186216
3200.0  976087 -71.8224388 42.2427738
1800.0  965541 -71.8020263 42.2512554
2200.0  975322 -71.7932232 42.2292997
2200.0  851340 -71.3016441 42.6270253
1200.0  976073 -71.8089912 42.2566833
1200.0  976069 -71.8089912 42.2566833
1500.0  976062 -71.800326 42.2400794
2200.0  976059 -71.7951379 42.2503788
1800.0  976042 -71.7991472 42.2486937
3500.0  970175 -71.4370097 42.4617946
2600.0  966357 -71.3270567 42.6459968
1783.0  213951 -71.7446857 42.2769938
2056.0  760001 -71.7803943 42.253655
1547.0  973235 -71.3152168 42.6466997
1907.0  972540 -71.7979326 42.586397
1300.0  952043 -71.9931264 42.2413184
2850.0  971487 -71.5265998 42.228725
3000.0  972228 -71.7972608 42.2548586
2750.0  931444 -71.7867017 42.2449016
2750.0  941282 -71.7867017 42.2449016
2800.0  952337 -71.7867017 42.2449016
2000.0  952013 -71.9931264 42.2413184
2500.0  947370 -71.4691567 42.7558024
2160.0  970232 -71.415974 42.2756147
2000.0  808627 -71.793834 42.2316511
3200.0  961115 -71.4047265 42.278144
2500.0  969665 -71.5058104 42.350102
2500.0  968931 -71.6850159 42.4305342
2600.0  906304 -71.3068547 42.638183
2100.0  968177 -71.7976962 42.2397549
2600.0  949583 -71.8005308 42.2402886
2100.0  966444 -71.3041623 42.6367834
1850.0  966250 -71.7973709 42.2526993
1950.0  966045 -72.0000652 42.5716103
2200.0  965629 -71.4666 42.7589893
2200.0  965625 -71.4666 42.7589893
2200.0  965615 -71.4666 42.7589893
1800.0  965431 -71.7856217 42.276436
1800.0  965428 -71.7856217 42.276436
3000.0  964155 -71.795224 42.5849368
2500.0  954862 -71.8257845 42.2548775
2300.0  473346 -71.8010997 42.2515886
2300.0  249424 -71.7881383 42.2467302
3200.0  892081 -71.7894557 42.2841012
2000.0  962530 -71.2549391 42.3267587
2776.0  962506 -71.2549391 42.3267587
3200.0  722161 -71.552037 42.3501251
2850.0  958440 -71.6907058 42.4438648
2500.0  943837 -71.7950034 42.2515408
2200.0  748618 -71.7882163 42.2650478
2300.0  954119 -71.2105505 42.3485464
1575.0  573138 -71.8051036 42.266988
695.0  502853 -71.7945175 42.5855417
2700.0  952303 -71.8565541 42.2400203
1250.0  957426 -71.8103245 42.2654952
3300.0  957043 -71.5713282 42.3951341
3000.0  589113 -71.5713058 42.3951317
3300.0  230752 -71.5713058 42.3951317
2000.0  921408 -71.8036103 42.2509502
2050.0  954615 -71.4601082 42.7665824
1500.0  953676 -71.8286855 42.2577403
2650.0  952610 -71.3179506 42.6618387
2700.0  935891 -71.3179506 42.6618387
1900.0  950086 -71.3106115 42.6570142
2300.0  945256 -71.7854794 42.2766851
2800.0  949430 -71.811572 42.2599056
2600.0  939272 -71.7912136 42.2299616
2100.0  947644 -71.8114031 42.262433
1800.0  52153 -71.8007754 42.2491115
1850.0  901567 -71.8007658 42.2491172
3500.0  946862 -71.5589878 42.3493243
2900.0  946692 -71.4031365 42.3244611
2548.0  946630 -71.7867828 42.2557708
2100.0  846366 -71.79785 42.2502
2397.0  828541 -71.3878326 42.4181244
2490.0  942937 -71.8101089 42.2617917
1500.0  944849 -71.7842345 42.2619902
1800.0  944820 -71.7836077 42.2620865
1749.0  573659 -71.9931209 42.5769886
1749.0  670919 -71.9923038 42.5761927
3000.0  943548 -71.4197907 42.2690286
2200.0  672704 -71.80981 42.2442862
1950.0  942534 -71.8133931 42.2587328
1200.0  942298 -71.4531965 42.7629827
1800.0  941674 -71.7836077 42.2620865
4150.0  930653 -71.5508364 42.3483903
2250.0  939462 -71.3069998 42.6330027
1569.0  542636 -71.7446857 42.2769938
2100.0  936508 -71.7994888 42.3095488
2200.0  936065 -71.799562 42.30938
2150.0  935720 -71.72148 42.28343
3200.0  935017 -71.72148 42.28343
2011.0  934205 -71.790738 42.581448
2800.0  933648 -71.2976066 42.6417489
2000.0  925326 -71.7913004 42.2447449
2900.0  925783 -71.4197907 42.2690286
1788.0  933026 -71.2372536 42.641145
1709.0  883109 -71.30349 42.65135
2200.0  928899 -71.808847 42.2454927
2500.0  928114 -71.7863658 42.2598413
1850.0  918562 -71.82682 42.24892
2150.0  927395 -71.4059557 42.2874122
2450.0  826669 -71.3091719 42.6522978
2000.0  925319 -71.7913004 42.2447449
1595.0  925014 -71.807382 42.2569303
3300.0  924740 -71.4245876 42.2687315
2500.0  924654 -71.7754308 42.2530535
2250.0  699744 -71.9100211 42.634523
2400.0  699750 -71.9100211 42.634523
2300.0  689150 -71.7930464 42.2542842
1600.0  735581 -72.0003559 42.5724156
2100.0  923133 -71.7969532 42.3010867
1857.0  382635 -71.3827613 42.5852717
2100.0  163659 -71.7945205 42.2550986
2418.0  780710 -71.387541 42.418119
2650.0  915517 -71.7905 42.58597
3950.0  749050 -71.278314 42.4865996
1500.0  914156 -71.8160026 42.255519
2000.0  914516 -71.8140925 42.585426
2500.0  775575 -71.4730101 42.756158
2150.0  769430 -71.4730101 42.756158
1850.0  910649 -71.7859025 42.2539113
1800.0  906585 -71.4684875 42.7648324
1300.0  906192 -71.4531965 42.7629827
2100.0  905537 -71.286512 42.6220765
2000.0  901210 -71.309797 42.6405609
2150.0  792935 -71.8124276 42.5888178
2800.0  895383 -71.4504717 42.4353342
1800.0  894866 -71.8496675 42.2550832
3000.0  889064 -71.7862094 42.5590525
2700.0  592776 -71.8215777 42.5782886
2100.0  44307 -71.8215777 42.5782886
2100.0  887335 -71.3096108 42.6405491
2466.0  883562 -71.30349 42.65135
2100.0  84245 -71.7979491 42.2500288
1422.0  221337 -71.3827613 42.5852717
2200.0  845978 -71.7985004 42.2501027
2300.0  844048 -71.264283 42.4615913
1600.0  543617 -71.8036291 42.5900671
1800.0  692500 -71.4671297 42.756814
1854.0  836740 -71.7728458 42.2547311
1550.0  584398 -71.5533392 42.4819465
2200.0  557378 -71.9064639 42.2458534
1900.0  790843 -71.7634197 42.2361364
2800.0  473442 -71.8492284 42.227581
2200.0  823936 -71.7731457 42.2707468
1600.0  821698 -71.988698 42.5739765
2800.0  823394 -71.8467441 42.248244
2600.0  820038 -71.7950034 42.2515408
3000.0  818668 -71.8140375 42.2432787
3000.0  816908 -71.3247368 42.6310491
2495.0  353308 -71.8006595 42.2467243
2200.0  815861 -71.7734875 42.2705456
1550.0  811297 -71.4577345 42.7551728
2000.0  802678 -71.8234111 42.2554988
2433.0  801806 -71.78583 42.2594
2433.0  801703 -71.7859511 42.2592994
2000.0  617695 -71.7840028 42.262176
1802.0  636759 -71.8438148 42.3160075
1850.0  665688 -71.8124276 42.5888178
1703.0  792868 -71.3075437 42.6589271
1600.0  783355 -71.3174349 42.6671756
2200.0  754145 -71.8027987 42.5915842
2400.0  603684 -71.7881792 42.2837409
2400.0  778599 -71.7929812 42.2515549
2600.0  773825 -71.8070735 42.589379
1650.0  772050 -71.8029135 42.5915424
2300.0  590402 -71.3215315 42.6330314
2200.0  712050 -71.7831204 42.2623241
2600.0  749378 -71.4572599 42.43176
2100.0  302574 -71.7959912 42.2394398
2200.0  755212 -71.7960038 42.2394413
2500.0  754957 -71.8286196 42.2538876
1473.0  577844 -72.0000086 42.2336284
2000.0  726223 -71.7864986 42.5758382
1575.0  208978 -71.8213684 42.5786875
2000.0  725117 -71.7864986 42.5758382
2400.0  714699 -71.7929792 42.2566342
2000.0  668479 -71.7844701 42.2581592
1957.0  177859 -71.7446857 42.2769938
2325.0  695165 -71.8039259 42.5916687
1969.0  226209 -71.5913112 42.3352926
2460.0  209923 -71.5913112 42.3352926
1900.0  686530 -71.7776032 42.5656061
1700.0  686513 -71.7877559 42.5820897
2800.0  685987 -71.5478679 42.3473168
1031.0  172154 -71.805756 42.259566
969.0  679383 -71.7811301 42.3592971
3000.0  676350 -71.3011624 42.6320794
2100.0  666477 -71.4621013 42.4298809
1600.0  67239 -71.3131956 42.640016
2000.0  650127 -71.8244038 42.5790475
2000.0  520622 -71.7620247 42.5214372
1750.0  159948 -71.5454508 42.3421744
2000.0  275065 -71.8147532 42.2618857
2800.0  582588 -71.2837784 42.621749
2000.0  616525 -71.7814544 42.2541523
1188.0  82278 -71.3899328 42.6395624
1750.0  612783 -71.8183667 42.2606379
1800.0  600734 -71.793339 42.5756919
1900.0  594928 -71.7963564 42.2394933
1600.0  579283 -71.5985227 42.4001125
1850.0  225675 -71.5971064 42.4000968
2300.0  579279 -71.5985227 42.4001125
1800.0  505849 -71.7855318 42.2740201
2000.0  569423 -71.5454508 42.3421744
1105.0  178557 -71.8527483 42.2575873
1402.0  227529 -71.8527483 42.2575873
101.0  492330 -71.42964 42.58347
1700.0  561915 -71.7914455 42.5772893
3500.0  558217 -71.3307334 42.6314763
1900.0  552391 -71.7818482 42.2589335
525.0  177838 -71.8066131 42.2618875
2600.0  534681 -71.691031 42.4147487
1197.0  542323 -71.63318 42.54194
2000.0  178279 -71.7962509 42.2397606
1250.0  537235 -71.2428273 42.3338908
1300.0  228057 -71.5232693 42.2283513
1800.0  503897 -71.328 42.63498
1800.0  491792 -71.7855318 42.2740201
2150.0  209626 -71.2179992 42.2293054
300.0  175137 -71.4997819 42.5381738
1440.0  161192 -71.44646 42.23632
1900.0  205685 -71.7096509 42.6698273
1350.0  380921 -71.8370048 42.2638342
3200.0 2 991847 -70.8323061 42.1216025
3000.0 2 996096 -70.9514276 42.1548424
1800.0 3 773376 -71.1661763 41.6965335
2000.0 3 941786 -71.1666734 41.6862633
3300.0 3 962621 -71.0029843 42.0770244
2242.0 1 994094 -70.6575467 41.9382971
2110.0 1 987265 -70.72288 42.014935
2900.0 4 661878 -71.0919551 41.9138518
3000.0 3 965848 -71.0066112 42.1594548
1910.0 1 991269 -70.7229 42.0149
1750.0 3 988477 -71.1574962 41.6933067
1725.0 2 819131 -71.1577747 41.6923896
2550.0 2 991139 -70.9650536 41.968197
1758.0 1 991216 -70.6775 42.1004
2171.0 2 990778 -71.0108 42.0645
935.0 0 989349 -70.9321193 41.6385897
3279.0 3 974102 -71.0053667 42.2010939
1600.0 1 990262 -71.0861531 41.8985284
1850.0 3 618129 -70.9101192 41.6055051
2800.0 2 167047 -70.7928092 42.1594164
2200.0 2 989540 -70.577023 41.9081593
1900.0 3 697048 -70.9338541 41.6562685
690.0 0 830588 -70.4960918 41.7520651
2045.0 1 963719 -71.179439 42.031593
2984.0 3 777424 -70.612664 41.653041
1800.0 2 986201 -71.1058588 41.7629003
3250.0 3 985020 -71.0571093 42.1978187
3000.0 3 803242 -71.0144663 42.107131
1950.0 3 983763 -70.9282039 41.633773
2450.0 3 983128 -71.0169272 42.1108331
5600.0 6 769630 -71.0317383 42.160854
1850.0 2 750890 -71.1017775 41.9045157
2250.0  981106 -71.1470069 41.7136203
1900.0  926890 -71.1578881 41.6953508
3300.0  901956 -71.1970799 42.0209582
2420.0  167046 -70.7928092 42.1594164
3100.0  978204 -71.1585214 41.6903111
1900.0  977352 -71.1336705 41.6980985
1250.0  971989 -71.0969096 41.8946921
3250.0  202876 -70.6928942 41.97856
2200.0  972243 -71.1800269 41.678847
1600.0  971168 -71.1070425 41.8978517
2000.0  970226 -71.1666734 41.6862633
3000.0  970122 -71.0244907 42.0941216
1850.0  968478 -71.1444523 41.7190297
1900.0  968498 -71.1487737 41.7177121
2100.0  968494 -71.1434731 41.7013903
2200.0  786900 -70.9175392 41.896253
0  963745 -71.058993 42.101989
2000.0  961712 -71.1357534 41.6961004
1650.0  800244 -71.1282105 41.6289062
2200.0  961535 -71.162606 41.6988968
1700.0  961347 -71.1675021 41.6976543
3400.0  690823 -71.2012668 42.1977261
2000.0  924187 -70.9470639 42.2005161
2000.0  924188 -70.9470639 42.2005161
2200.0  960322 -71.0621963 42.1946859
2400.0  807067 -71.0389355 42.081405
2200.0  956143 -71.1484792 41.7177096
2200.0  956140 -71.1484792 41.7177096
2000.0  956132 -71.1733038 41.697306
3400.0  954453 -71.1063629 42.1253739
3500.0  724303 -70.6523137 42.0824656
1950.0  732500 -71.16012 41.69813
2000.0  941894 -70.9380731 41.655038
1800.0  566568 -71.1255291 41.6888885
2450.0  916762 -71.2034388 42.1870983
2785.0  791870 -70.6874782 41.9537097
3410.0  771507 -70.6874782 41.9537097
3410.0  812220 -70.6874782 41.9537097
2187.0  851893 -70.6874782 41.9537097
1575.0  899656 -71.0937105 41.9049585
3250.0  166438 -70.6928942 41.97856
2400.0  196544 -70.9372057 41.6427635
1950.0  885443 -70.4822578 41.6431763
2000.0  813102 -71.0598052 42.1022581
2000.0  593835 -71.1788438 41.6855236
2263.0  777408 -70.612664 41.653041
2701.0  777419 -70.612664 41.653041
2052.0  777417 -70.612664 41.653041
1525.0  189851 -71.0598052 42.1022581
2279.0  656036 -71.0598052 42.1022581
2707.0  656042 -71.0598052 42.1022581
1763.0  422948 -71.0598052 42.1022581
2500.0  601403 -71.025935 42.0812342
1850.0  614318 -70.9101192 41.6055051
1500.0  996676 -70.9484319 41.7230543
2700.0  960461 -70.9411242 42.1253047
2700.0  787472 -70.5760958 41.9076564
3042.0  991263 -71.1794 42.0316
5042.0  991783 -71.1046 42.0683
2600.0  996485 -71.1553263 41.6893512
1500.0  996426 -71.1123062 41.9168718
3200.0  996360 -71.0287963 42.0752167
3453.0  996301 -71.1016898 41.8939118
3900.0  996053 -70.8729673 42.1088583
1425.0  849754 -71.0967831 41.8967799
1400.0  995685 -71.1182857 41.8908271
4400.0  984930 -71.0978469 42.1222116
2300.0  995474 -71.0296857 42.0724971
2650.0  995341 -71.0246889 42.089688
2500.0  943880 -70.9984699 42.0801705
2150.0  814369 -71.0961919 41.8953016
1975.0  994868 -71.1503082 41.7188244
2100.0  763449 -71.0017899 42.0796015
2000.0  993759 -71.17426 41.68499
2800.0  935173 -71.0144537 42.107081
1400.0  993325 -70.9251284 41.6189951
3200.0  979132 -71.0291236 42.0754483
0  987751 -70.7234 42.0159
2100.0  991642 -71.0225077 42.096393
2800.0  990725 -70.6336615 41.7518922
2150.0  949656 -71.1350769 41.6920269
2500.0  702475 -71.140527 41.753643
3000.0  990333 -70.9031685 42.1239258
2000.0  202290 -71.167924 41.69803
1394.0  990108 -70.8826255 42.04705
2900.0  989824 -71.057852 42.192814
3000.0  985266 -71.0173184 42.0611915
2300.0  837378 -71.0155799 42.062963
2500.0  989417 -71.1448087 41.7665437
1395.0  403811 -71.0923729 41.9110783
2495.0  308462 -71.101379 41.8954279
1800.0  989192 -71.1360384 41.6941094
2220.0  954852 -70.7112173 41.9404611
6400.0  988137 -71.0467273 42.1717752
3000.0  988047 -71.0022543 42.0781717
1350.0  988043 -71.1610204 41.6909972
2600.0  565752 -70.7222599 41.7629896
1895.0  983910 -71.1006023 41.9233568
2850.0  214108 -71.1471957 42.1540685
3000.0  845336 -71.017011 42.0689898
2500.0  659750 -71.0169736 42.068994
1700.0  963873 -71.1510072 41.7182741
1400.0  986546 -71.1647287 41.6957897
2000.0  972163 -70.92971 41.6724017
2000.0  986485 -71.1327963 41.6948076
3250.0  986324 -71.1822138 42.1245804
2450.0  984099 -71.0359877 42.1671311
2000.0  986055 -70.9284244 41.6270514
2000.0  962406 -71.156884 41.6938941
3400.0  985368 -70.6862737 41.9694281
2800.0  985303 -71.0224774 42.0664077
3383.0  730148 -71.0564418 42.203329
2000.0  985132 -70.9339152 41.6485891
2700.0  985116 -71.0890922 41.8878088
1200.0  960023 -70.9287579 41.6404133
3500.0  984926 -71.0978722 42.1222372
3200.0  977031 -71.03455 42.07868
3300.0  948674 -71.0302198 42.1048296
2500.0  984609 -71.142229 41.7018687
2000.0  113183 -71.1677349 41.6859889
3500.0  984297 -71.0909337 41.8972442
2650.0  949212 -71.0067951 42.0637263
2300.0  901866 -71.0053653 42.0826988
1900.0  984173 -70.9394709 41.6175026
2450.0  984090 -71.0359877 42.1671311
2800.0  618040 -70.5784932 41.9078172
1895.0  983909 -71.1006023 41.9233568
3000.0  792233 -71.0200602 42.0764626
1895.0  275842 -71.1006023 41.9233568
3850.0  127323 -71.1600162 42.016615
3000.0  983006 -70.6214817 41.7442711
2100.0  920410 -71.1568177 41.6874326
2800.0  972833 -71.0254126 42.0854632
2200.0  981626 -70.9318337 41.6525707
2250.0  25506 -71.1541276 41.6929795
2250.0  630322 -71.1541614 41.6929919
1795.0  842688 -71.1005994 41.9233825
500.0  977116 -71.0196484 42.0833842
4000.0  966504 -70.7129086 41.7515865
2100.0  976037 -71.1457332 41.7178511
1500.0  973812 -71.150927 41.7201118
2000.0  826563 -71.1503985 41.7186979
3700.0  963587 -71.1898862 42.1904386
1565.0  972480 -70.9810334 41.9953392
2250.0  230571 -70.842445 42.0432762
2200.0  954871 -70.913678 42.1281266
3195.0  958417 -70.9504395 42.154621
1400.0  964293 -70.9705749 41.8587691
1254.0  970138 -71.045041 41.6370457
2100.0  969643 -70.9331255 41.6237722
2200.0  969377 -71.108957 41.8953782
2475.0  954923 -71.1121515 41.8941419
1700.0  969052 -71.1607668 41.6974892
2200.0  506751 -71.0168807 42.0771487
2150.0  968514 -70.6428009 42.090587
2899.0  745327 -71.0029972 42.0795471
1374.0  966471 -70.5850471 41.7140282
2850.0  424357 -71.0312995 42.1133079
2800.0  966084 -71.0928533 41.9225903
1980.0  931859 -71.0906425 41.8983669
2500.0  949201 -71.113186 41.899512
2700.0  964242 -71.0189173 42.0646365
1393.0  964164 -70.8978767 41.8787263
1685.0  964139 -70.91232 41.8959897
3000.0  954096 -71.0217969 42.0945628
2125.0  770971 -70.842445 42.0432762
2300.0  962868 -70.9331255 41.6237722
2200.0  957163 -70.9281391 41.6642229
1650.0  809856 -71.1661935 41.6908731
2350.0  953523 -71.0121418 42.1031293
2450.0  957429 -71.0342425 42.1759446
2600.0  953972 -70.9342031 41.6436946
2650.0  945431 -71.1122265 41.8904784
2000.0  915802 -71.1276173 41.683882
2500.0  957231 -71.1067573 41.9030663
2500.0  215813 -70.5782768 41.9076476
1313.0  280959 -71.0849168 41.8955194
1657.0  308768 -71.0849168 41.8955194
2495.0  954616 -71.1041306 42.1322182
2100.0  954765 -71.0926978 41.8889327
3300.0  820005 -71.1059104 42.1209442
2200.0  795518 -71.1896201 41.6801232
1800.0  954009 -71.1312278 41.6964691
2400.0  953086 -71.1690809 41.6879034
2400.0  951440 -70.9331255 41.6237722
2300.0  951381 -70.9331255 41.6237722
1773.0  765195 -70.642638 41.75675
2100.0  943911 -70.9210334 41.6151278
3200.0  948259 -71.017011 42.0689898
1400.0  948044 -70.9306433 41.6659993
1500.0  941920 -71.1493138 41.6902494
2700.0  924960 -70.692488 41.9775849
2400.0  946305 -71.1630062 41.6979743
1700.0  821635 -71.1334786 41.6950832
1400.0  885180 -71.1518838 41.7040323
2600.0  942303 -71.1118872 41.8606214
1900.0  941829 -71.149127 41.6902145
1500.0  941511 -70.9306433 41.6659993
3700.0  940735 -71.0210351 42.0722858
1775.0  939534 -71.1725246 41.697624
2400.0  919257 -70.9260809 41.6610183
2350.0  936453 -71.0910064 41.8806183
3000.0  897708 -70.7225306 41.7637118
1900.0  900537 -71.1263056 41.6824668
2800.0  931626 -71.0234957 42.0572126
3100.0  931259 -71.0205362 42.064957
3000.0  928177 -70.9233837 41.8884255
2300.0  914150 -71.1021963 41.9059322
1475.0  926524 -71.1558799 41.6909168
1575.0  817183 -71.1558808 41.6909267
1850.0  926014 -70.9250344 41.6224488
2600.0  567865 -71.1019901 41.9042285
2850.0  49799 -71.0178094 42.0995744
2400.0  924645 -71.0121418 42.1031293
2400.0  921346 -71.1576608 41.6938845
2000.0  921339 -71.1574751 41.6939404
2000.0  921342 -71.1576608 41.6938845
2600.0  920779 -71.0217144 42.077478
2050.0  911831 -71.1523594 41.6738731
2050.0  911837 -71.1523594 41.6738731
3000.0  918790 -71.0051454 42.0851395
3100.0  674657 -70.7231428 41.7643423
3450.0  814858 -70.6921043 41.9776759
1825.0  30386 -71.1745346 41.68355
2300.0  917734 -71.1720805 41.6927685
1800.0  917424 -71.144038 41.7058062
3100.0  916897 -71.089216 41.9037279
2200.0  782785 -70.9265825 41.6571354
1700.0  915779 -70.9140387 41.6141768
2460.0  915639 -71.0232332 42.0317842
1400.0  914295 -71.1544102 41.7044404
2500.0  914182 -71.1473902 41.7064048
2400.0  912928 -70.7206337 41.7615077
2300.0  907864 -70.9394709 41.6175026
2500.0  907586 -70.9394709 41.6175026
2312.0  902697 -70.9163192 41.6126094
2100.0  896747 -70.9669905 42.1129061
1895.0  852030 -71.1001844 41.9230492
2000.0  901154 -71.023179 42.1045843
2900.0  891372 -71.1998113 42.1061788
2400.0  893632 -71.0944913 41.9095377
2100.0  609380 -71.0911016 41.894132
2000.0  895240 -71.0911085 41.8941624
3400.0  894475 -71.2010595 42.1918411
1800.0  798317 -71.0218629 42.1027051
1450.0  137763 -71.150796 41.703517
2450.0  889453 -71.0379141 42.0925329
1350.0  888734 -71.1536447 41.7049246
1650.0  888160 -71.1494701 41.6874234
1650.0  888143 -71.1493773 41.6876332
2200.0  886887 -71.1445524 41.7197379
2000.0  887005 -71.1548046 41.6870509
3200.0  800274 -71.0207605 42.0619864
1900.0  732277 -71.1272863 41.6844977
2900.0  886221 -71.0101138 42.0843038
2850.0  144115 -71.0231026 42.0643336
1249.0  33268 -71.1833533 42.0307175
2500.0  820693 -71.041531 41.8809533
2000.0  847426 -71.1055661 41.902508
2450.0  846989 -71.0379141 42.0925329
2400.0  829134 -71.0829785 41.912398
1749.0  817807 -70.7233667 42.0159424
3000.0  177891 -71.0099623 42.0859989
2000.0  103327 -71.1006827 41.9050436
1500.0  709681 -71.0335592 42.0766224
2400.0  748057 -71.15467 41.69593
3000.0  821574 -71.0230736 42.0908358
1977.0  819140 -71.1046027 42.0683316
2222.0  817814 -71.1833301 42.0307322
2000.0  828748 -71.1578689 41.6926298
2000.0  828740 -71.1578689 41.6926298
2200.0  827753 -71.0934878 41.8938019
2500.0  825252 -71.0953552 41.8959898
4500.0  820820 -70.7227105 41.7632893
2600.0  819308 -70.6936 41.97786
2300.0  815960 -71.0723637 42.1870384
2200.0  815925 -71.0095005 42.0186159
3700.0  815903 -71.0741992 42.1503302
3450.0  707964 -70.6920351 41.9775799
1800.0  814759 -71.155009 41.6903987
2900.0  142951 -70.5785088 41.9078192
2200.0  788339 -71.0141064 42.1218973
3303.0  430209 -70.91204 42.1179
2722.0  86097 -70.91204 42.1179
2200.0  803404 -70.939457 41.6175016
3800.0  776708 -70.9110481 42.1209488
2400.0  802506 -70.5776194 41.9082794
2300.0  752387 -71.09907 41.92248
2000.0  801902 -71.1617901 41.693523
3250.0  799885 -70.58035 41.93479
2300.0  799667 -71.0213229 42.0655003
3100.0  783392 -71.0900572 41.8971415
2550.0  774062 -70.6936 41.97786
1850.0  542852 -71.1356376 41.6935343
1489.0  304400 -71.1833533 42.0307175
2000.0  788778 -70.939457 41.6175016
1800.0  786018 -70.9363905 41.6482685
1900.0  786010 -71.1286747 41.6866768
2000.0  784081 -71.1517476 41.7105325
2200.0  560790 -71.1620026 41.6910138
2100.0  763442 -71.0017899 42.0796015
2500.0  207359 -70.5776194 41.9082794
2100.0  779056 -71.1630062 41.6979743
2100.0  778076 -71.1630062 41.6979743
2500.0  776021 -70.9492027 42.1017572
2500.0  776017 -70.95275 42.17253
1800.0  759970 -71.1004426 42.1207559
2000.0  769481 -71.1434011 41.7098339
1900.0  762932 -71.1634897 41.6982239
1569.0  757781 -70.92509 41.63191
3000.0  744386 -71.0924103 41.9131685
2000.0  685628 -71.1503057 41.7188324
1950.0  703024 -71.1503057 41.7188324
4955.0  594742 -70.7229104 42.0149444
3900.0  710886 -70.6698928 41.9528969
1900.0  721980 -71.1433418 41.7043612
1950.0  700385 -71.1541118 41.6735477
2300.0  694346 -70.5776441 41.9082702
3140.0  217807 -70.7233983 42.0159059
2097.0  429413 -70.7234 42.0158
3100.0  232576 -70.5785088 41.9078192
1400.0  690468 -70.9230769 41.6215333
3150.0  688803 -71.09176 41.88622
1850.0  623221 -71.1541118 41.6735477
2300.0  683573 -71.0248106 42.0979852
2650.0  674660 -70.7231428 41.7643423
2695.0  679492 -70.5591923 41.9166144
2800.0  656190 -71.0899124 41.9132045
1600.0  654471 -71.1484063 41.7182648
2630.0  178300 -71.0139555 42.1062233
1875.0  664232 -70.9342012 41.6346786
2150.0  101003 -71.0991971 42.1252891
1600.0  123716 -70.6692423 41.9585338
1800.0  639692 -71.1461281 41.7058371
2150.0  641166 -71.034961 42.0866594
2635.0  617273 -71.0374124 42.0885306
2000.0  630007 -71.1488203 41.690546
1233.0  621432 -71.0909816 41.9015804
1500.0  525843 -71.0126089 42.0605978
2200.0  618442 -71.0103802 42.0867791
2300.0  618432 -71.0103802 42.0867791
1775.0  612788 -71.1547255 41.696311
2500.0  419137 -71.0137698 42.0797499
2725.0  594700 -70.7229104 42.0149444
2600.0  75418 -70.7229104 42.0149444
1300.0  594183 -71.1750441 41.6826649
1200.0  592354 -71.15485 41.69605
1171.0  481892 -71.144055 41.7007
2000.0  203611 -71.0133983 42.1016535
2200.0  428175 -70.69078 41.9472946
2100.0  176461 -71.0208867 42.0768926
2800.0  384168 -71.0073202 42.0877117
1750.0  566990 -71.1479384 41.6890432
1499.0  566189 -71.0516029 42.1782621
1700.0  560138 -71.01015 42.12629
5900.0  557093 -71.0354533 42.0849879
2200.0  555615 -71.0214079 42.0962558
2200.0  555516 -71.0832157 41.9126347
2200.0  544729 -70.62963 41.90656
2500.0  190063 -71.056 42.1023
2150.0  544670 -70.6742498 41.7678598
1536.0  14021 -70.7249 42.01761
1500.0  66853 -71.1495536 41.6887334
1600.0  524785 -71.1311498 41.6888208
2900.0  511736 -70.7228175 41.7640235
2100.0  224571 -71.081231 41.88155
1800.0  149929 -71.0224526 42.0716103
1800.0  219688 -71.0237527 42.0725043
2000.0  174624 -71.0237527 42.0725043
2250.0  203324 -71.0164629 42.0712572
1700.0  174960 -71.0176585 42.0780745
1550.0  144949 -71.0836921 42.184699
2151.0 1 614146 -71.1550112 42.2478128
2900.0 2 995550 -71.1570773 42.2523794
4400.0 4 918925 -71.1657106 42.2740248
2000.0 1 982001 -71.0960007 42.2789251
2500.0 3 469930 -71.1300673 42.2702155
2500.0 2 988667 -71.1300673 42.2702155
3800.0 4 993244 -71.1203655 42.2857053
2827.0 3 887769 -71.0997712 42.3193173
3950.0 4 854177 -71.1244678 42.2847889
3600.0 3 918932 -71.1630063 42.261043
3200.0 3 902096 -71.0962458 42.2791069
3100.0 3 975601 -71.0997003 42.3189078
3300.0 2 975422 -71.1043965 42.3219311
2827.0 2 153391 -71.1341986 42.2770911
0 0 963753 -71.130213 42.287797
3400.0 3 959008 -71.0956143 42.2764688
2850.0 2 957829 -71.1482306 42.2709886
3550.0 4 773860 -71.1011469 42.2626884
3200.0 3 539966 -71.1211546 42.2591037
3750.0 3 885289 -71.1244678 42.2847889
3950.0 4 885288 -71.1244678 42.2847889
2233.0 2 842575 -71.1445828 42.2589461
1933.0 2 819148 -71.1470796 42.2574685
2351.0 1 815705 -71.1008488 42.3342748
2800.0 2 778963 -71.1011469 42.2626884
3000.0 3 526799 -71.10063 42.26215
3000.0 3 522187 -71.1409942 42.2557886
1713.0 1 212792 -71.1007 42.33413
1713.0 1 129218 -71.1007 42.33413
1713.0 1 175689 -71.1007 42.33413
3200.0 3 570770 -71.1672475 42.2528397
2350.0 0 993673 -71.1394917 42.3442502
3000.0  991142 -71.1577592 42.2642337
3450.0  985056 -71.097361 42.266103
3200.0  828916 -71.1320885 42.2518751
4500.0  994237 -71.1172258 42.2937089
3100.0  529068 -71.1340129 42.2757953
3600.0  988169 -71.1739018 42.3499874
3100.0  559298 -71.1340129 42.2757953
5300.0  991121 -71.0976919 42.3685788
3700.0  940332 -71.1007413 42.3138769
3000.0  559089 -71.1340129 42.2757953
2850.0  990074 -71.12257 42.24374
3400.0  946242 -71.1315991 42.2325685
3700.0  986982 -71.1577592 42.2642337
3100.0  986975 -71.1055942 42.2713026
5094.0  947022 -71.0955906 42.3677986
3800.0  968355 -71.1203655 42.2857053
3000.0  977491 -71.144074 42.243028
3050.0  984570 -71.1085086 42.2710623
4000.0  982402 -71.1495 42.3511152
2850.0  978968 -71.1088991 42.2859987
2800.0  978500 -71.1182366 42.2671438
2600.0  898441 -71.1086853 42.2861889
3298.0  966930 -71.1466487 42.3440243
3900.0  158528 -71.0981062 42.2676925
2950.0  976118 -71.1166525 42.2836551
2700.0  975191 -71.1440698 42.2426591
2700.0  579691 -71.1080275 42.2735426
2900.0  973629 -71.1051527 42.2639922
2500.0  971251 -71.1289726 42.2558676
4500.0  951133 -71.1462497 42.3262667
2141.0  970317 -71.0998703 42.3428312
1750.0  969802 -71.1218877 42.2561065
1670.0  926252 -71.1052005 42.309041
3600.0  967207 -71.097156 42.266261
2765.0  174558 -71.1080622 42.2698947
3800.0  767676 -71.098083 42.2677072
3650.0  749532 -71.1064025 42.2682936
4000.0  949900 -71.1487178 42.2495605
3400.0  964526 -71.0982689 42.2828699
4000.0  961816 -71.1172572 42.293712
3500.0  964385 -71.1025329 42.3117811
2300.0  940673 -71.1558186 42.2490854
3100.0  929151 -71.1261128 42.2566463
4150.0  954977 -71.1145789 42.3342601
2233.0  954971 -71.1145789 42.3342601
3200.0  954296 -71.1315991 42.2325685
2650.0  913253 -71.1098954 42.2650671
2400.0  929164 -71.1213178 42.2804543
3600.0  945476 -71.1151134 42.2604683
2222.0  947045 -71.1124514 42.373375
5094.0  947000 -71.0971648 42.3666911
5094.0  946995 -71.1041293 42.3638024
3300.0  946698 -71.099917 42.313784
2750.0  946697 -71.1940181 42.3693493
2900.0  946689 -71.1000169 42.313685
3400.0  945471 -71.1151134 42.2604683
2100.0  943851 -71.1321889 42.2831911
4000.0  921153 -71.106862 42.3228114
3500.0  828955 -71.10027 42.2658
2500.0  928431 -71.0998585 42.2642472
3700.0  927459 -71.1007413 42.3138769
2100.0  927262 -71.1146946 42.2636527
3100.0  927172 -71.1144681 42.2862995
2600.0  772031 -71.1176034 42.291982
2600.0  773961 -71.1176034 42.291982
2600.0  772041 -71.1176034 42.291982
2497.0  852444 -71.1242245 42.2802001
2300.0  918090 -71.1197724 42.273023
1100.0  483871 -71.1184622 42.27802
2203.0  850750 -71.1144064 42.3332719
3500.0  891794 -71.1256826 42.2358477
2450.0  893866 -71.1205434 42.2541171
1990.0  887641 -71.1958463 42.3585601
3000.0  828710 -71.1055711 42.2666388
3200.0  774695 -71.114354 42.3345293
1861.0  774692 -71.1143411 42.3344799
4200.0  807265 -71.0976884 42.3213265
3150.0  751193 -71.1042437 42.3234167
729.0  677507 -71.1597072 42.3005609
3600.0  889035 -71.1749077 42.337778
2600.0  828685 -71.1217334 42.2922914
3595.0  886330 -71.1557632 42.286812
2900.0  884184 -71.1225937 42.2920695
3200.0  774702 -71.114354 42.3345293
3400.0  831512 -71.1604846 42.2825293
2600.0  826426 -71.1218121 42.2921303
2600.0  828705 -71.1217334 42.2922914
4000.0  835779 -71.0971375 42.2807892
3400.0  767362 -71.1152363 42.2609074
3100.0  764080 -71.0970493 42.3128344
2800.0  730892 -71.128035 42.2524122
3500.0  838419 -71.0965162 42.2794588
1835.0  729358 -71.126587 42.3434479
3500.0  831195 -71.1521797 42.2662174
3500.0  766759 -71.1633127 42.2935306
2800.0  827552 -71.119625 42.2749814
2239.0  823472 -71.0966585 42.2803883
2860.0  707391 -71.1393364 42.2437603
3200.0  819540 -71.1217872 42.2887831
3000.0  815564 -71.149563 42.237669
2500.0  811222 -71.1090335 42.2850276
3400.0  813248 -71.1289726 42.2558676
3590.0  782576 -71.130398 42.2783009
2163.0  812673 -71.10326 42.33456
2800.0  804015 -71.128035 42.2524122
2850.0  565128 -71.1343509 42.2451532
6000.0  797079 -71.1010107 42.3265907
3000.0  789485 -71.10484 42.26384
3650.0  623927 -71.1070483 42.3653561
2450.0  762395 -71.1520411 42.2655822
2850.0  760710 -71.1037466 42.2709405
3450.0  760057 -71.1332735 42.2865605
3500.0  751849 -71.0989841 42.2655107
2700.0  751260 -71.1028651 42.2711751
2203.0  327693 -71.1302529 42.2877225
1836.0  385129 -71.1302529 42.2877225
1713.0  381337 -71.1301896 42.2878172
2292.0  734442 -71.1748828 42.3377628
3400.0  705509 -71.0955784 42.2849076
4995.0  705822 -71.1094814 42.3457391
2860.0  626183 -71.1393364 42.2437603
2860.0  626195 -71.1393364 42.2437603
2004.0  675405 -71.0995553 42.3650863
2377.0  679155 -71.0966206 42.2803781
2377.0  679148 -71.0969002 42.3141102
2377.0  679147 -71.0985 42.31856
3207.0  678818 -71.09831 42.3234
2800.0  555566 -71.102116 42.2612778
3100.0  541589 -71.1682351 42.3663521
2800.0  533872 -71.118494 42.2859736
2900.0  496850 -71.09929 42.2600291
2500.0  555195 -71.10824 42.27348
1490.0  544092 -71.1571985 42.3734153
1300.0  133505 -71.1256958 42.3443914
2300.0  150150 -71.1219902 42.2903312
2300.0  143741 -71.1219902 42.2903312
2250.0  143961 -71.0967831 42.2796809
1800.0  182947 -71.1525801 42.2608024
2900.0  159859 -71.1655302 42.3508274
2800.0  160859 -71.1221295 42.2546574
3200.0 3 994399 -71.082072 42.282702
3700.0 4 994059 -71.0923561 42.2836062
3744.0 4 704395 -71.0870576 42.2798134
3418.0 3 991508 -71.0873278 42.283599
3300.0 3 654950 -71.0881483 42.2835247
3400.0 3 993980 -71.082328 42.2832847
3500.0 3 992983 -71.0779107 42.2862928
3300.0 3 982725 -71.0727955 42.2847788
1550.0 1 989958 -71.065882 42.2845454
3100.0 3 974222 -71.0821874 42.2855711
2600.0 1 933572 -71.0872258 42.2756248
3450.0 3 897362 -71.0916186 42.286072
2750.0 2 943547 -71.06514 42.28557
3250.0 3 988456 -71.0710832 42.2832537
3200.0 3 988021 -71.0652283 42.28502
3000.0 4 967044 -71.092352 42.2836073
3200.0 3 951980 -71.0933098 42.2867615
3300.0 3 985523 -71.0175677 42.2767506
3500.0 3 985004 -71.0910266 42.2830118
3550.0 3 916588 -71.0872258 42.2756248
3800.0 4 977130 -71.094008 42.271986
3800.0 4 792009 -71.0933171 42.2719179
2900.0 3 977039 -71.0861727 42.2850553
3250.0 3 976995 -71.0739012 42.2845406
2900.0 3 977017 -71.0861727 42.2850553
3800.0 4 972013 -71.0921385 42.2784205
3550.0 3 362837 -71.0921031 42.2785389
3200.0 3 821894 -71.0942181 42.2870721
3700.0 4 799605 -71.0922028 42.278476
3800.0 4 972012 -71.0921385 42.2784205
3650.0 3 972008 -71.0921385 42.2784205
3744.0 3 971862 -71.0709242 42.2832967
2600.0  441491 -71.0755671 42.2879575
2200.0  731018 -71.0760064 42.2827702
3450.0  967631 -71.0795307 42.286706
3800.0  961703 -71.0886594 42.2829823
3800.0  961697 -71.0886594 42.2829823
3864.0  565483 -71.090824 42.2874157
1871.0  949769 -71.0778013 42.271448
3200.0  254537 -71.0829952 42.2882585
1689.0  949722 -71.0778013 42.271448
3150.0  886694 -71.0722066 42.282554
2800.0  844819 -71.0056906 42.2355674
2900.0  844818 -71.0056906 42.2355674
3150.0  944315 -71.0650283 42.2847088
3100.0  942352 -71.0693635 42.2824376
4100.0  931735 -71.0926012 42.2792409
3000.0  932478 -71.074258 42.280836
4400.0  916770 -71.0884416 42.2864485
3900.0  758231 -71.0774822 42.2816331
3000.0  823866 -71.074258 42.280836
3600.0  805019 -71.0933171 42.2719179
3700.0  801599 -71.0770703 42.2817802
3000.0  536228 -71.076959 42.2720263
3200.0  603755 -71.0885644 42.2828553
3500.0  532424 -71.0822515 42.2798444
3200.0  526232 -71.0911194 42.2881945
3400.0  925740 -71.0712446 42.2835025
3950.0  996196 -71.0917623 42.2864083
3800.0  995778 -71.093383 42.2872569
2800.0  995034 -71.0813579 42.2889462
2800.0  804489 -71.0654073 42.2900196
2500.0  961916 -71.0736113 42.273249
2601.0  994280 -71.0199917 42.2444772
2800.0  993062 -71.0583656 42.2886335
3200.0  983005 -71.0823743 42.2782069
2500.0  992676 -71.0875448 42.285652
2800.0  992672 -71.0875448 42.285652
4200.0  869385 -71.0858735 42.2777464
3400.0  990197 -71.0746185 42.2865471
2100.0  988777 -71.0197348 42.2429815
2300.0  321313 -71.0059226 42.2422539
3000.0  987938 -71.0730605 42.2843726
3000.0  971674 -71.0394603 42.2468413
3300.0  730279 -71.08869 42.28256
2550.0  987504 -71.0057127 42.241641
2800.0  965364 -71.066514 42.2795728
2599.0  985864 -71.0896305 42.2763686
3069.0  985289 -71.0136305 42.2414186
5500.0  984870 -71.0803882 42.2846637
3700.0  984852 -71.0803882 42.2846637
3400.0  984605 -71.0927211 42.2880404
4000.0  920486 -71.0855638 42.2820184
3000.0  980504 -71.0868437 42.2713592
3750.0  983927 -71.0831614 42.2833953
2300.0  704914 -71.0719841 42.2835673
3300.0  955100 -71.0750443 42.287507
3200.0  982017 -71.0863497 42.2805085
2800.0  755590 -71.0889375 42.2815032
3000.0  956203 -71.0784949 42.2833093
4300.0  978963 -71.063955 42.287913
3000.0  894523 -71.0629654 42.2847969
2800.0  973337 -71.0743109 42.2881052
2400.0  972241 -71.0730071 42.2837569
3100.0  975497 -71.0885364 42.2803711
3400.0  962333 -71.0638201 42.2856475
3200.0  973150 -71.0865517 42.2839232
3000.0  952539 -71.0823452 42.2835013
2200.0  489877 -70.9981216 42.2455286
3100.0  972449 -71.0714477 42.2813585
2700.0  972346 -71.0889375 42.280834
2800.0  970922 -71.091084 42.286517
3400.0  813126 -71.0872401 42.2872377
3450.0  929146 -71.0807611 42.2868313
1900.0  967267 -71.0287852 42.2711795
3100.0  966097 -71.0714477 42.2813585
2000.0  966001 -70.9964994 42.2451608
2700.0  965740 -71.0853628 42.2867295
3050.0  795372 -71.0648854 42.2875095
3300.0  943897 -71.08809 42.28773
2800.0  949616 -71.0588651 42.2895749
3390.0  952388 -71.0865111 42.2803348
3600.0  910996 -71.0891399 42.2817284
3650.0  951750 -71.0832163 42.2814469
3400.0  960803 -71.0942493 42.2864866
2800.0  953789 -71.0588651 42.2895749
3400.0  958944 -71.0927211 42.2880404
2750.0  953281 -71.0589115 42.2896944
4500.0  956336 -71.0822079 42.2864543
3200.0  956053 -71.0781244 42.2789009
3400.0  955739 -71.0795307 42.286706
2200.0  954898 -71.034283 42.26326
3500.0  950742 -71.0832163 42.2814469
2600.0  951331 -71.000516 42.2222987
2700.0  940789 -71.0093395 42.2384384
2800.0  950789 -71.0741712 42.2714399
3400.0  948886 -71.0872179 42.2800936
2599.0  944441 -71.0899735 42.2760209
3000.0  946700 -71.0822079 42.2864543
3600.0  945481 -71.0709242 42.2832967
3600.0  943614 -71.0798196 42.2827023
3400.0  940582 -71.0933014 42.2875629
4500.0  912691 -71.0822079 42.2864543
3300.0  885632 -71.0704737 42.2894788
3300.0  834471 -71.0893621 42.2813666
4000.0  928367 -71.0801025 42.2855876
3200.0  817859 -71.0822059 42.2832174
3350.0  917594 -71.0718953 42.2826007
3400.0  921075 -71.0917335 42.2763716
9000.0  919139 -71.0929841 42.2835922
1900.0  726941 -71.092064 42.2778872
3800.0  889929 -71.0938554 42.2843835
3500.0  914240 -71.0891399 42.2817284
2800.0  885347 -71.0745745 42.2823489
2754.0  770094 -71.0660033 42.2886292
1662.0  903201 -71.08822 42.27902
2800.0  902881 -71.0746763 42.2840313
3600.0  885912 -71.0943973 42.2762701
3700.0  850892 -71.0832163 42.2814469
3800.0  850889 -71.0832163 42.2814469
3400.0  734636 -71.0873126 42.2870621
2800.0  891779 -71.0773313 42.2891505
3200.0  817852 -71.0822059 42.2832174
3400.0  890906 -71.0731379 42.2871797
3800.0  889935 -71.0938554 42.2843835
3100.0  853923 -71.0895451 42.2818083
3650.0  826223 -71.0876939 42.2811597
3400.0  523841 -71.07132 42.28029
3500.0  842780 -71.0864323 42.2879734
3300.0  670593 -71.0660968 42.2900577
3500.0  845585 -71.0731379 42.2871797
3500.0  845577 -71.0731379 42.2871797
4300.0  785803 -71.0856332 42.2881245
3700.0  825346 -71.0737101 42.2845927
3550.0  823996 -71.0672056 42.2831373
2450.0  819661 -71.0310888 42.280729
2700.0  818440 -71.0715152 42.2852534
3000.0  813853 -71.0071995 42.2566215
3200.0  781060 -71.0944619 42.2776122
3700.0  775596 -71.0875135 42.2838347
3400.0  744102 -71.0911173 42.2878576
3300.0  731925 -71.0927907 42.2871785
2750.0  714716 -71.0839237 42.2719115
2800.0  695118 -71.0774706 42.2887283
4000.0  692486 -71.0829016 42.2696251
3600.0  620321 -71.0935799 42.2860127
1518.0  623301 -71.0273743 42.2736261
2850.0  661742 -71.0879604 42.2878426
2198.0  647914 -71.0705128 42.2870809
2800.0  506512 -71.072178 42.2828072
2400.0  536674 -71.0943223 42.2864737
2495.0  531377 -71.0651444 42.2869773
2900.0  142318 -71.0833433 42.2885223
2800.0  129635 -71.0775634 42.2813101
3000.0  177383 -71.0879162 42.2893208
2500.0  143965 -71.0929578 42.2857774
3200.0  138302 -71.0871 42.2757
2500.0  463655 -71.0891928 42.2822344
2500.0  78644 -71.0891928 42.2822344
2500.0  432218 -71.0737565 42.2822217
3000.0  230866 -71.0758457 42.2841394
2000.0 1 817838 -71.06077 42.35184
3550.0 3 706525 -71.0686496 42.3067319
2600.0 2 996451 -71.0800713 42.326029
3700.0 4 167017 -71.0728207 42.290567
3400.0 3 744758 -71.0779495 42.3029174
3150.0 3 987972 -71.0596933 42.3080185
3300.0 3 983409 -71.0821594 42.3242325
3475.0 3 993362 -71.0804984 42.2932723
3700.0 3 703922 -71.0700897 42.3100612
4200.0 4 703927 -71.0700897 42.3100612
3800.0 4 995432 -71.0699692 42.3094061
3418.0 3 186990 -71.0693924 42.3057441
3800.0 4 779380 -71.0699031 42.3094352
4600.0 1 963732 -71.0664 42.3448
2850.0 4 911581 -71.0769391 42.3101964
4537.0 3 901863 -71.0901445 42.3730789
3100.0 3 990284 -71.0693131 42.3231937
3600.0 4 688664 -71.0840165 42.3202766
2550.0 1 759498 -71.0918599 42.3113249
3300.0 3 993557 -71.0801279 42.2974704
3000.0 3 982729 -71.0716381 42.3045913
3200.0 3 992956 -71.0870195 42.3202416
3500.0 4 992839 -71.0805219 42.2928904
2650.0 2 990516 -71.0696824 42.3087828
3800.0 4 948845 -71.084763 42.3107589
2827.0 2 987965 -71.0762017 42.3078728
3200.0 3 967626 -71.0666547 42.3108229
3500.0 3 983778 -71.0877307 42.3294722
2750.0 2 983046 -71.0813199 42.2931265
3600.0 4 654948 -71.0865234 42.3151692
3200.0 3 982716 -71.0582964 42.2950057
3450.0 4 784583 -71.0826038 42.2949019
3450.0  953157 -71.0840105 42.3092686
3375.0  486856 -71.0650747 42.3050812
2800.0  946656 -71.0812604 42.3140069
3400.0  819854 -71.0650747 42.2915182
3000.0  962342 -71.0745922 42.2923625
2827.0  915088 -71.0774241 42.2905044
3400.0  974782 -71.0738436 42.298618
4000.0  960923 -71.0569016 42.3156528
2308.0  958024 -71.0611801 42.3051684
2850.0  967850 -71.0923497 42.3105713
3300.0  967241 -71.0763751 42.2910401
3550.0  947245 -71.0766329 42.2996451
3500.0  966224 -71.0879751 42.2965599
3000.0  965807 -71.0663987 42.3045725
0  963730 -71.061721 42.347739
0  963727 -71.062665 42.347234
3350.0  963181 -71.0666547 42.3108229
2850.0  962855 -71.0631426 42.3091093
3200.0  933027 -71.0808364 42.2997196
3000.0  895990 -71.0563705 42.3147108
3200.0  886118 -71.0761387 42.3156955
3900.0  688684 -71.0809145 42.3118488
3400.0  806014 -71.0647962 42.306334
3350.0  829651 -71.0643823 42.3026266
2800.0  849121 -71.0738029 42.3023356
3755.0  813434 -71.0934419 42.3176183
2600.0  933806 -71.0849682 42.2997794
2600.0  919837 -71.0761605 42.3232786
2600.0  899448 -71.0825358 42.3102898
2800.0  918593 -71.0807203 42.3206058
2900.0  917565 -71.0821184 42.3138476
3264.0  911695 -71.0772623 42.3360531
3100.0  764658 -71.077935 42.3119589
3250.0  895778 -71.0676386 42.3051215
2950.0  767517 -71.0772924 42.3359414
3700.0  774471 -71.0766004 42.2996589
4800.0  885747 -71.0761387 42.3156955
3500.0  849211 -71.0801306 42.2974672
4000.0  841789 -71.0626654 42.3472336
3800.0  820349 -71.0718046 42.3006578
3400.0  715054 -71.0809996 42.3118711
3200.0  685263 -71.0749796 42.3127482
3400.0  556361 -71.0737293 42.3232457
2700.0  557283 -71.0762978 42.320306
2500.0  654960 -71.0864298 42.3184268
4000.0  665076 -71.0688353 42.3043857
3300.0  644126 -71.0749796 42.3127482
2600.0  662228 -71.0753814 42.3020848
2400.0  557308 -71.0764312 42.3207521
3500.0  621442 -71.0749796 42.3127482
3200.0  614353 -71.0581442 42.2945284
3300.0  557296 -71.0809145 42.3118488
1800.0  190666 -71.0785577 42.3036356
3900.0  996254 -71.0875147 42.3190046
3200.0  996226 -71.0682494 42.3027051
3800.0  995719 -71.060633 42.2978106
3700.0  759658 -71.0750227 42.3218339
3200.0  995617 -71.0907986 42.2909044
3200.0  995559 -71.0907986 42.2909044
2700.0  959392 -71.0662155 42.3189099
3600.0  796820 -71.085081 42.311556
3400.0  771162 -71.0799814 42.3163088
2100.0  993869 -71.0833627 42.3361534
2400.0  993493 -71.0895235 42.2915605
3200.0  993435 -71.0634126 42.2980212
1551.0  738842 -71.0844992 42.3303637
1551.0  989093 -71.0844988 42.3303638
1551.0  989098 -71.0844988 42.3303638
3800.0  992564 -71.0671672 42.2901314
3000.0  944424 -71.0786544 42.3512794
3850.0  957216 -71.0769367 42.3166355
2800.0  990737 -71.0850923 42.3212911
3450.0  990313 -71.0728108 42.2973697
3200.0  990261 -71.0852235 42.310192
3000.0  989721 -71.0631712 42.2980679
2700.0  989527 -71.0869605 42.329026
2600.0  989524 -71.0863352 42.3270615
4000.0  964503 -71.0606681 42.296514
3000.0  943123 -71.0729221 42.3053079
3000.0  941154 -71.089646 42.3118068
4000.0  984584 -71.0884886 42.3111594
3400.0  791471 -71.0694863 42.3085236
3200.0  987347 -71.0824091 42.2999971
2700.0  987330 -71.0713021 42.2919107
2700.0  987329 -71.0611325 42.3050505
2700.0  959780 -71.057172 42.2965258
3300.0  987131 -71.0702669 42.3058463
2000.0  961694 -71.057172 42.2965258
3000.0  985696 -71.0867056 42.2956553
1000.0  985441 -71.0582975 42.2902027
1000.0  985438 -71.0582975 42.2902027
3300.0  977960 -71.0843617 42.2953429
5178.0  984682 -71.0600005 42.3513986
3250.0  950634 -71.0600005 42.3513986
3200.0  984368 -71.0804058 42.3220596
2500.0  984125 -71.0894354 42.2916745
3400.0  913654 -71.0904105 42.3250386
3250.0  983433 -71.0751493 42.3122626
4000.0  983130 -71.0806511 42.3283443
4329.0  982651 -71.0687185 42.3103776
2700.0  981313 -71.0582975 42.2902027
3000.0  982282 -71.0752708 42.3037735
2600.0  849826 -71.082924 42.3127685
3500.0  981458 -71.0698665 42.2953971
3450.0  981130 -71.0655316 42.2903999
3800.0  981095 -71.070449 42.3061056
4000.0  980999 -71.0722356 42.3185439
4300.0  981012 -71.0722356 42.3185439
1250.0  809415 -71.0907303 42.3128783
3500.0  479157 -71.08029 42.300562
3400.0  698161 -71.0787704 42.3121727
3400.0  812492 -71.0787704 42.3121727
3200.0  976996 -71.0673032 42.3082111
3800.0  975517 -71.0866718 42.3214963
2700.0  977417 -71.0805811 42.2973981
3000.0  929857 -71.079182 42.3064564
2300.0  976464 -71.0411843 42.3725266
3000.0  974608 -71.0772732 42.3254684
3200.0  976053 -71.0852235 42.310192
3760.0  962339 -71.0618713 42.3058716
3765.0  974790 -71.0634034 42.3076194
3300.0  915949 -71.0634498 42.3076273
3500.0  974069 -71.066957 42.3089384
3500.0  929674 -71.0809081 42.3029406
3600.0  961134 -71.0809081 42.3029406
3200.0  950704 -71.0666547 42.3108229
3400.0  822879 -71.0888574 42.3197194
2700.0  668751 -71.05586 42.29571
3225.0  952150 -71.0761763 42.3200384
1370.0  539869 -71.0602231 42.3521042
975.0  893263 -71.0931738 42.3482452
2635.0  966745 -71.0829805 42.3257586
3200.0  969219 -71.0829805 42.3257586
3200.0  779176 -71.0879907 42.3165006
3600.0  966200 -71.0548513 42.2922172
3800.0  964007 -71.0896985 42.3104047
3900.0  962843 -71.0881705 42.3109386
2200.0  962487 -71.0791699 42.3198604
3400.0  821952 -71.0886629 42.3194634
3500.0  890581 -71.0842486 42.3090597
3700.0  961285 -71.0827908 42.3063058
2800.0  405683 -71.0717263 42.2983844
3750.0  806216 -71.0819227 42.302495
2141.0  956868 -71.088645 42.343935
4300.0  952688 -71.0687425 42.3040726
3500.0  952695 -71.0687425 42.3040726
2975.0  951744 -71.0565785 42.3220181
3400.0  950851 -71.0704865 42.3301659
3843.0  950442 -71.0663515 42.3448353
3700.0  950338 -71.0596143 42.2993835
3600.0  938952 -71.0632442 42.3008791
2400.0  948869 -71.0801633 42.3010107
3050.0  948863 -71.0801633 42.3010107
3749.0  947035 -71.0890768 42.3714123
3749.0  947026 -71.0846668 42.3696956
2700.0  787013 -71.0822417 42.3249177
3000.0  936744 -71.0932085 42.3196155
1000.0  835058 -71.0856014 42.3107138
2800.0  942761 -71.08841 42.3417193
3450.0  929613 -71.0719923 42.298162
3200.0  932084 -71.0759303 42.3003305
3000.0  936170 -71.0716381 42.3045913
3500.0  934032 -71.08841 42.3417193
3400.0  924974 -71.0785151 42.2999627
2600.0  842776 -71.0754647 42.3038653
2500.0  926966 -71.0769528 42.3145047
2500.0  927135 -71.0773242 42.3145927
2500.0  927174 -71.0769528 42.3145047
4100.0  650253 -71.0741511 42.2931234
3021.0  511602 -71.0913071 42.313087
3000.0  926866 -71.0699138 42.3013464
2800.0  926865 -71.0699138 42.3013464
3000.0  901887 -71.0813605 42.2940786
3400.0  926211 -71.0662603 42.302139
3200.0  912105 -71.0641926 42.3190844
3300.0  925305 -71.0697601 42.3231086
3800.0  920346 -71.0778884 42.3271054
3400.0  924250 -71.0662603 42.302139
2600.0  923105 -71.0761605 42.3232786
3400.0  907109 -71.0662603 42.302139
3900.0  922509 -71.0712459 42.3104054
3200.0  922062 -71.0653069 42.3061611
3600.0  664524 -71.0691627 42.3044376
3600.0  918074 -71.0748243 42.3113898
2800.0  754182 -71.0790527 42.3248782
3000.0  125834 -71.0763621 42.2951591
1999.0  918444 -71.0890285 42.3176221
3500.0  571054 -71.0705993 42.3100784
2725.0  638672 -71.0556865 42.2953861
1975.0  554305 -71.0559537 42.2955631
3000.0  915841 -71.0820405 42.2956686
4200.0  916363 -71.0819998 42.3697508
3550.0  468865 -71.091541 42.312121
2299.0  916107 -71.0890285 42.3176221
3400.0  915953 -71.0634498 42.3076273
3100.0  892448 -71.090619 42.3242499
3300.0  823594 -71.0878356 42.2970613
3600.0  902759 -71.0661888 42.2912794
3600.0  724924 -71.0610635 42.3049003
3500.0  848198 -71.08675 42.30904
1650.0  908347 -71.0712459 42.3104054
2900.0  893047 -71.0796745 42.3105467
3200.0  906033 -71.0830093 42.2996055
4000.0  905585 -71.0819998 42.3697508
3500.0  905551 -71.0819412 42.3686737
3200.0  900294 -71.0692531 42.3030452
4000.0  902645 -71.0400692 42.3726739
3995.0  901868 -71.0803044 42.33561
3400.0  701024 -71.0737555 42.2954213
3500.0  897168 -71.0717756 42.3224856
3350.0  898737 -71.0687889 42.2904428
2800.0  842778 -71.0795481 42.3177962
3500.0  569805 -71.0705993 42.3100784
3300.0  824344 -71.0682469 42.3027033
2600.0  785575 -71.0800914 42.3040335
3200.0  745412 -71.0754375 42.3141603
3125.0  892689 -71.0811921 42.3000677
3000.0  849031 -71.0867091 42.3079932
4000.0  892730 -71.0703724 42.3084653
3000.0  839647 -71.0597202 42.305125
3600.0  890649 -71.0691419 42.3044355
3800.0  838137 -71.0769599 42.307556
2650.0  888866 -71.0802355 42.293952
3200.0  888482 -71.0859763 42.2990234
5000.0  884606 -71.0852818 42.3061843
3300.0  883357 -71.0606072 42.2974922
3900.0  882557 -71.0648765 42.2999326
3900.0  882552 -71.0648765 42.2999326
3400.0  869184 -71.067097 42.3012139
3400.0  852312 -71.0699767 42.3023215
2925.0  852057 -71.0744642 42.3149418
3125.0  846673 -71.0592374 42.290553
4200.0  569927 -71.08844 42.29584
2837.0  846581 -71.0771127 42.2911162
3100.0  846444 -71.0689593 42.2959408
3600.0  835114 -71.0694853 42.3228854
3400.0  839955 -71.0790048 42.3106931
2700.0  787017 -71.0822417 42.3249177
3800.0  822210 -71.0694853 42.3228854
3000.0  833548 -71.0320174 42.3762461
3000.0  739798 -71.0631921 42.3030893
3400.0  832281 -71.071744 42.3016823
3200.0  524251 -71.0637284 42.3093097
3200.0  524242 -71.0637284 42.3093097
2500.0  816980 -71.0820463 42.3010468
3350.0  202412 -71.0763574 42.295155
3600.0  822415 -71.0790908 42.3037536
3500.0  820943 -71.0781883 42.3237771
4200.0  819955 -71.0806511 42.3283443
3800.0  819615 -71.0875365 42.3189988
4100.0  779922 -71.0820667 42.3147432
4000.0  779923 -71.0820667 42.3147432
2400.0  818520 -71.084416 42.310236
4200.0  798901 -71.0806511 42.3283443
3300.0  531959 -71.0692054 42.3087229
2827.0  807357 -71.0730713 42.292681
3100.0  192357 -71.0810221 42.2948162
3418.0  681037 -71.0688033 42.3090129
3400.0  747619 -71.0666068 42.3010699
3500.0  794432 -71.0547214 42.2945807
3500.0  793137 -71.0820667 42.3147432
3500.0  792999 -71.0820667 42.3147432
3700.0  792904 -71.0820463 42.3010468
3000.0  792897 -71.077979 42.2952151
2204.0  790188 -71.0852559 42.295365
3900.0  785713 -71.073872 42.292125
3100.0  783433 -71.0608499 42.3033936
3100.0  783436 -71.0696151 42.3062829
3000.0  785140 -71.0569957 42.3158105
3000.0  779265 -71.0635889 42.2906425
4000.0  767401 -71.0843879 42.3015778
4000.0  766065 -71.070957 42.3201418
3400.0  724777 -71.0791419 42.3130182
3000.0  736226 -71.0694629 42.3007956
3200.0  758590 -71.0734018 42.2929248
1800.0  756685 -71.0683805 42.2969486
3000.0  750981 -71.0683805 42.2969486
4000.0  750903 -71.0683805 42.2969486
4000.0  745053 -71.0841554 42.3097486
3400.0  711984 -71.0896637 42.3166596
3760.0  746313 -71.0600187 42.3077856
3250.0  728558 -71.0807205 42.3174497
3200.0  737169 -71.077517 42.2935678
3300.0  736665 -71.0629855 42.3050959
3400.0  736637 -71.0631921 42.3030893
3200.0  732717 -71.0749549 42.3135413
4086.0  732466 -71.0611988 42.2997318
3300.0  731515 -71.0629855 42.3050959
3300.0  729318 -71.0751493 42.302491
3418.0  728552 -71.0710721 42.31803
3000.0  726829 -71.0659959 42.3015258
3300.0  150151 -71.0751957 42.3024618
2600.0  723610 -71.0828476 42.3259972
3600.0  717601 -71.0822874 42.3023705
2607.0  572508 -71.0691984 42.3292707
4000.0  703941 -71.0752885 42.3123235
3400.0  702769 -71.0705531 42.3213591
3300.0  695937 -71.07442 42.30018
3600.0  688636 -71.0629391 42.3111809
2639.0  678747 -71.09458 42.31568
3341.0  678775 -71.0767084 42.3065668
2387.0  678770 -71.0880287 42.3091376
1670.0  678732 -71.09458 42.31568
4248.0  653037 -71.0741511 42.2931234
2860.0  663705 -71.082625 42.2978224
1768.0  570528 -71.0875923 42.3070713
3400.0  554312 -71.088734 42.31974
3400.0  642396 -71.0778429 42.2980491
2820.0  627551 -71.0928006 42.3285786
3540.0  604474 -71.0883102 42.3110389
2608.0  159570 -71.0598285 42.2923317
2700.0  606855 -71.0727815 42.2931312
3000.0  591044 -71.0746855 42.2914509
3500.0  570412 -71.0705993 42.3100784
2400.0  521729 -71.0795133 42.3177995
3200.0  574943 -71.0808211 42.2948283
2800.0  568026 -71.0741317 42.3010545
2975.0  554411 -71.0761706 42.3200522
2400.0  357925 -71.0836915 42.2992665
2900.0  511601 -71.0913071 42.313087
2900.0  511600 -71.0913071 42.313087
2900.0  511599 -71.0913071 42.313087
2800.0  192359 -71.0805578 42.3280995
2800.0  493758 -71.0676282 42.3021361
2900.0  469724 -71.05744 42.29224
2650.0  143845 -71.0758457 42.2927622
2800.0  143964 -71.0640998 42.3035028
2650.0  218780 -71.0800239 42.2927319
2390.0  141438 -71.0712727 42.2918888
2875.0  208244 -71.0660961 42.3037694
2700.0  167239 -71.0781205 42.3091287
2300.0  79549 -71.08029 42.300562
2800.0  175492 -71.0931698 42.3279176
2950.0  163588 -71.0588999 42.3144287
2400.0  176764 -71.0670015 42.3164253
1200.0  178346 -71.0785183 42.3045075
1440.0  129597 -71.0785183 42.3045075
1440.0  225188 -71.0785183 42.3045075
2600.0  211600 -71.0755173 42.3002681
2400.0  200920 -71.0666533 42.3010407
2650.0  168741 -71.0844807 42.3102139
2600.0  202432 -71.0801632 42.314307
2600.0  175289 -71.0801632 42.314307
2500.0  160227 -71.0695781 42.3032864
2500.0  130362 -71.0810221 42.2948162
2700.0  72229 -71.0628927 42.3067148
2300.0  187903 -71.0727815 42.2931312
2800.0  166580 -71.0800191 42.3006467
3200.0  210624 -71.088009 42.3188031
2300.0  146106 -71.0728126 42.2906595
2300.0  164973 -71.0728126 42.2906595
2997.0  160856 -71.0777837 42.3179433
2997.0  125397 -71.0777837 42.3179433
2300.0  98742 -71.089412 42.2912846
1900.0  164028 -71.0751957 42.3024618
3300.0  292388 -71.062382 42.3093768
2300.0 2 996028 -70.9973405 42.4092586
2650.0 1 963752 -71.037 42.3792
2300.0 1 830138 -71.06399 42.41495
3400.0 3 970510 -71.0585505 42.4182086
3000.0 3 511540 -71.0662354 42.4948367
3000.0 2 748112 -71.0480821 42.4417307
3000.0 3 992462 -71.0571577 42.4129413
3300.0 3 648988 -71.0684639 42.4528474
2900.0 2 984097 -71.06346 42.45717
3500.0 3 824086 -71.0000771 42.4589128
3100.0 2 950052 -71.0245372 42.4445106
2700.0 2 916813 -71.0684639 42.4528474
3250.0 3 984329 -71.0344561 42.4010495
3500.0 4 730670 -71.0561758 42.41354
2147.0 2 971631 -71.0974563 42.3817659
1801.0 1 830622 -71.0913323 42.3957895
2300.0 1 687904 -71.0321645 42.3970061
2100.0 1 932281 -70.9914109 42.4168051
1801.0 1 971642 -71.0909567 42.3799531
1900.0 1 962917 -71.0386105 42.3911737
2600.0 2 962450 -71.0387801 42.3913921
2350.0 1 850439 -71.0590992 42.4048322
2550.0 2 953491 -71.0155263 42.4012885
2400.0 2 605220 -71.032195 42.396952
3200.0 3 666065 -71.0446139 42.4320754
3200.0 3 614879 -71.0446116 42.4320772
3250.0 3 906702 -71.0344561 42.4010495
2875.0 2 942153 -71.1657915 42.4177518
2300.0 1 356146 -71.032195 42.396952
2495.0 1 936023 -71.0732819 42.4285383
2495.0 1 936016 -71.0734022 42.4281289
1891.0 0 898212 -71.088393 42.3820664
2350.0  846573 -71.0400963 42.3896104
3700.0  836962 -71.0744138 42.4691674
3700.0  921932 -71.0744138 42.4691674
2700.0  900468 -71.0568083 42.4263969
3400.0  903673 -71.0372009 42.4065021
3500.0  733755 -71.0445605 42.4321286
3850.0  795950 -71.0588232 42.4229709
3200.0  597128 -71.04447 42.43203
2500.0  996166 -71.0255017 42.437494
3850.0  996065 -71.0135135 42.4010409
3400.0  995999 -71.0579598 42.4252493
3600.0  995957 -71.0323892 42.3814832
2400.0  810920 -71.0457484 42.4328188
3200.0  995649 -71.0247373 42.4361136
2200.0  994955 -71.0609095 42.4081715
5300.0  991851 -71.027336 42.3994577
2900.0  963592 -71.0461805 42.4123686
4600.0  993346 -71.0297547 42.3976809
5497.0  187346 -71.0927907 42.4805228
3600.0  992860 -71.0273801 42.3963734
3400.0  992507 -71.0483045 42.412316
3350.0  992482 -71.032793 42.4055156
3300.0  991590 -71.0311895 42.3917309
3900.0  991585 -71.0287318 42.3955641
3300.0  991555 -71.0311895 42.3917309
2500.0  991557 -71.0432971 42.387341
2500.0  965678 -71.0432971 42.387341
2450.0  990616 -71.1613802 42.5095864
3100.0  822423 -71.0824649 42.4722541
3600.0  988321 -71.1318134 42.4055984
3200.0  980317 -71.059925 42.4979509
3850.0  709610 -71.0726745 42.4356478
2900.0  988489 -71.0240759 42.3979583
4000.0  972623 -71.0580705 42.4215733
2495.0  987981 -71.0353007 42.4018174
2600.0  985607 -71.0246178 42.4075764
3200.0  977897 -71.0378744 42.4085874
4000.0  983805 -71.0596509 42.4234477
2400.0  933233 -71.0313568 42.399025
2800.0  979665 -71.0484305 42.3910939
2900.0  141678 -71.0613381 42.4303298
3450.0  919886 -71.0579598 42.4252493
2000.0  976341 -71.0600352 42.4350841
2400.0  975536 -70.9929315 42.4083831
2200.0  974394 -71.0097069 42.41372
3415.0  973797 -71.0492172 42.4281578
3418.0  973792 -71.0508804 42.4282302
2500.0  973063 -71.0085173 42.4043883
3800.0  959402 -71.0608447 42.4308092
3900.0  959528 -71.0941766 42.4219593
2100.0  970293 -71.0229458 42.3996157
2900.0  940854 -71.0528816 42.4228006
1717.0  970152 -71.1189497 42.3862075
3500.0  969599 -71.0479936 42.4035174
3200.0  965637 -71.131207 42.4212367
3950.0  967232 -71.0520514 42.4239903
2600.0  219848 -71.0052725 42.4167967
3900.0  965650 -71.0287318 42.3955641
3900.0  725511 -71.1352524 42.4014723
2500.0  956467 -71.0464847 42.4102496
3000.0  963572 -71.0468105 42.4164486
3500.0  957271 -71.0370434 42.3800101
3150.0  957826 -71.0845886 42.4312841
3400.0  805593 -71.0408052 42.3902668
3300.0  920380 -71.0512937 42.4133369
2800.0  952017 -71.0377445 42.3932734
2800.0  951788 -71.0527727 42.4310901
3200.0  950689 -71.0610446 42.4507051
3500.0  927425 -71.0451405 42.4117386
5229.0  946993 -71.1175402 42.3818038
3000.0  917592 -71.0451405 42.4117386
3000.0  941798 -71.1038006 42.4772586
3300.0  939547 -71.0484986 42.4107154
3200.0  920696 -71.0602463 42.4038851
3000.0  937833 -71.1038006 42.4772586
3100.0  936903 -70.9955825 42.3892173
2100.0  666036 -71.0597356 42.4312334
3500.0  935576 -71.0966134 42.3954959
3250.0  926782 -71.131207 42.4212367
2200.0  926628 -71.0103105 42.4124518
3150.0  921182 -71.0440543 42.4081661
3450.0  921186 -71.0440543 42.4081661
2800.0  517299 -71.0487786 42.4195742
4000.0  852051 -71.0216266 42.4000717
4200.0  918070 -71.0895945 42.3920719
2400.0  524896 -71.0524667 42.4074138
1175.0  914391 -71.0983475 42.4158678
3200.0  914386 -71.0924193 42.4236164
1800.0  912824 -70.9966197 42.4183626
3000.0  912402 -71.0387711 42.3913928
3200.0  905523 -71.0924193 42.4236164
1200.0  911444 -71.0983475 42.4158678
1200.0  911399 -71.1336107 42.3996103
4000.0  852089 -71.0216266 42.4000717
3100.0  906857 -71.0171942 42.3811185
2100.0  850705 -70.9905941 42.3969114
1700.0  832357 -70.9957753 42.406938
2300.0  889137 -71.0130955 42.4210273
2400.0  520611 -71.0457681 42.4328174
3600.0  887595 -71.0205953 42.4141952
3600.0  887582 -71.0205953 42.4141952
2200.0  797328 -71.0105317 42.4122336
3200.0  851338 -71.0846383 42.4215669
2200.0  844941 -71.0770622 42.4194448
3500.0  843233 -71.0949695 42.3889813
3418.0  834059 -71.0379539 42.3821329
2900.0  772875 -71.0938787 42.4219389
2600.0  812113 -71.0928385 42.4224761
3400.0  520472 -71.0575968 42.4244685
3250.0  618521 -71.0383898 42.4359673
3100.0  803541 -71.0612072 42.41319
3300.0  635414 -71.0619138 42.4068578
4148.0  592414 -71.117884 42.3826943
3959.0  789364 -71.0578785 42.4189054
3700.0  782289 -71.1220783 42.3849292
2175.0  633765 -71.04591 42.43292
2300.0  670172 -71.0457681 42.4328174
3300.0  765181 -71.0336425 42.4069375
3000.0  767001 -71.0641172 42.4148689
3300.0  766186 -70.9935872 42.4167433
101.0  765596 -71.0291153 42.3916829
3300.0  764955 -71.0535605 42.413825
2600.0  733383 -71.06305 42.41472
2300.0  759001 -71.0112658 42.4235865
3300.0  752541 -71.0640932 42.4148234
3100.0  746123 -71.0403749 42.3894355
2775.0  735830 -71.0515946 42.4265992
2775.0  749211 -71.0515946 42.4265992
2300.0  746119 -71.06305 42.41472
2849.0  86810 -71.1388637 42.3931959
3100.0  215093 -71.0402481 42.3905709
3200.0  724870 -71.064899 42.4533597
3500.0  702778 -71.064899 42.4533597
1682.0  544088 -71.034554 42.392865
13800.0  646166 -71.0296738 42.3941511
3600.0  583933 -71.1863701 42.3859955
1673.0  642691 -71.034554 42.392865
3500.0  631673 -71.0479965 42.4035001
3300.0  593401 -71.0915489 42.4247563
1440.0  529788 -71.04633 42.41722
2583.0  142059 -71.0953129 42.3939504
2950.0  195421 -71.0335961 42.3958419
1750.0  177871 -71.0347568 42.4019369
3100.0 4 141192 -70.8916805 42.5159998
3200.0 3 985310 -70.9112223 42.5199712
2500.0 3 468542 -70.9706819 42.4580322
3200.0 3 905069 -70.9499428 42.4672037
2900.0 3 800209 -70.9648268 42.458836
3200.0 3 933624 -70.952149 42.4677654
4500.0 6 933296 -70.9401052 42.4728498
4500.0 6 190458 -70.9402952 42.4727514
3200.0 3 383793 -70.928804 42.4686289
4250.0 5 914497 -70.9360366 42.4662365
3000.0 3 171141 -70.9325707 42.4694043
2500.0 2 148583 -70.9319766 42.4688066
2700.0 3 700974 -70.96373 42.47058
3000.0 3 522501 -70.9240522 42.4671878
3200.0 3 994858 -70.9372133 42.4749368
3200.0 3 994855 -70.9372133 42.4749368
3400.0 3 987948 -70.9253345 42.4771113
2700.0 2 989069 -70.9253345 42.4771113
2900.0 3 992320 -70.9395535 42.4622447
3000.0 3 834944 -70.9625281 42.4640882
2300.0 2 965415 -70.9289637 42.4728233
2300.0 2 760272 -70.951643 42.47396
2850.0 2 990287 -70.9454269 42.4661372
2900.0 3 989545 -70.8919157 42.5152422
3000.0 3 977093 -70.9587785 42.4836235
3100.0 3 988204 -70.963791 42.4656776
3300.0 4 988188 -70.963791 42.4656776
2300.0 2 563924 -70.951643 42.47396
2400.0 2 987694 -70.9427605 42.4660086
2550.0 2 987331 -70.8842595 42.5427171
2698.0 2 952579 -70.8842595 42.5427171
2200.0 2 883938 -70.9574001 42.4671009
2650.0  899437 -70.9445509 42.4809346
1850.0  824846 -70.94883 42.46433
2500.0  985518 -70.9228911 42.5233412
2200.0  662461 -70.9461583 42.4660316
3100.0  364315 -70.9358 42.4607
3000.0  961054 -70.9466693 42.4782194
3200.0  980289 -70.8918523 42.5151071
3100.0  977414 -70.9317925 42.4723623
3200.0  974555 -70.9312505 42.4639986
3000.0  975348 -70.962412 42.4857072
3300.0  960096 -70.9360833 42.4220434
2950.0  957028 -70.9308001 42.4745988
3000.0  970709 -70.9548771 42.4664016
3000.0  970010 -70.9548771 42.4664016
3200.0  964247 -70.9822805 42.3818086
2850.0  931223 -70.9322852 42.4702055
2750.0  869108 -70.9377061 42.4697977
2050.0  957064 -70.9394012 42.4618885
1875.0  892773 -70.9395535 42.4622447
2400.0  907660 -70.9130905 42.5190779
2325.0  92837 -70.9344722 42.4719422
2450.0  869110 -70.9376835 42.4698224
2250.0  899369 -70.9628068 42.4633214
2200.0  897760 -70.9354496 42.4732299
2600.0  841435 -70.9587671 42.4669777
2600.0  817010 -70.9587671 42.4669777
2400.0  754051 -70.9289471 42.4728133
2150.0  553287 -70.8738972 42.2828805
2150.0  212225 -70.8738972 42.2828805
2150.0  553291 -70.8738972 42.2828805
1850.0  553292 -70.8738972 42.2828805
3000.0  823291 -70.9709739 42.3755223
2500.0  995708 -70.9794551 42.4581184
2500.0  815229 -70.9487884 42.4735195
3000.0  842868 -70.9251491 42.4678352
2750.0  994985 -70.9439674 42.4719996
3150.0  965910 -70.9452358 42.4804681
3500.0  994771 -70.9705805 42.3742486
2400.0  988101 -70.9771781 42.4602683
2750.0  973147 -70.932226 42.4637822
2800.0  963077 -70.9472845 42.4696778
3800.0  993259 -70.9545774 42.471049
2950.0  975049 -70.8906753 42.5149165
1400.0  970128 -70.9056711 42.5201622
1690.0  990839 -70.94229 42.46147
2150.0  990428 -70.9653583 42.4601704
3200.0  990338 -70.9372881 42.473983
3000.0  887781 -70.9555511 42.4654023
3000.0  987305 -70.9587041 42.4668746
3500.0  222304 -70.9534958 42.4664049
4480.0  986400 -70.9534958 42.4664049
2900.0  629985 -70.8941562 42.5103734
2650.0  981052 -70.9285901 42.4686967
3600.0  985407 -70.9832285 42.4624841
2300.0  926911 -70.9580078 42.4655081
3000.0  978331 -70.9410034 42.4728825
3000.0  982589 -70.9488885 42.4733989
2200.0  980976 -70.9428652 42.4795449
2800.0  980543 -70.9822342 42.219911
2800.0  979139 -70.9730119 42.3825707
2100.0  616265 -70.9310185 42.5204509
3080.0  979070 -70.9592679 42.4644213
3700.0  979063 -70.9035835 42.5245071
2100.0  978807 -70.9530082 42.2057049
3800.0  978039 -70.9035835 42.5245071
2500.0  760448 -70.9428382 42.4725131
3200.0  973909 -70.9302653 42.46709
2475.0  976632 -70.8545503 42.5057605
2950.0  828485 -70.9386943 42.4714661
3400.0  973770 -70.9290308 42.2130698
3400.0  975335 -70.9230672 42.5247825
2800.0  755135 -70.908573 42.5271943
3000.0  123887 -70.9473293 42.4718976
5000.0  498609 -70.9555855 42.4653942
2925.0  972965 -70.9756313 42.469725
2900.0  972960 -70.9756313 42.469725
3000.0  971723 -70.8917601 42.5157104
2100.0  972414 -70.9530082 42.2057049
2850.0  970858 -70.9473182 42.4718588
2100.0  910145 -70.937218 42.4641155
2700.0  816501 -70.9610626 42.4858375
3300.0  968806 -70.9115648 42.5273948
2100.0  52699 -70.9610421 42.464055
3000.0  966313 -70.8797608 42.5435237
3600.0  962235 -70.9344933 42.463927
3600.0  962230 -70.9298651 42.4662338
3800.0  960587 -70.9345137 42.4675706
3600.0  960589 -70.9345137 42.4675706
2600.0  959540 -70.9428986 42.4733434
2500.0  958436 -70.9569068 42.4623883
2500.0  905861 -70.9610385 42.4640766
2600.0  603970 -70.9541521 42.4679251
3300.0  955261 -70.9607772 42.4658621
3300.0  955154 -70.9607772 42.4658621
2000.0  951143 -70.9384112 42.4584611
3500.0  915114 -70.8958544 42.50934
2200.0  947034 -70.9418928 42.535439
2995.0  773288 -70.9428382 42.4725131
3000.0  944474 -70.9292204 42.5192924
2100.0  685763 -70.9579539 42.4649127
2975.0  195329 -70.935744 42.473708
3100.0  178388 -70.9664405 42.4669174
2800.0  915339 -70.958279 42.4626358
2850.0  803215 -70.9323704 42.5202105
3000.0  931881 -70.9509854 42.4855917
2200.0  927949 -70.9392263 42.4610596
2700.0  923850 -70.9548771 42.4664016
1750.0  925138 -70.9323704 42.5202105
3000.0  924226 -70.8915046 42.515768
3300.0  884366 -70.8915046 42.515768
2000.0  685369 -70.9580663 42.465007
2500.0  535931 -70.8939305 42.5162263
2400.0  885813 -70.9727494 42.462339
2950.0  917460 -70.9452708 42.4715487
4000.0  487430 -70.8958607 42.509324
2600.0  840946 -70.96855 42.46909
2000.0  590195 -70.960392 42.466239
2500.0  910188 -70.937218 42.4641155
2500.0  901548 -70.9760106 42.2320005
1861.0  900243 -70.9310301 42.5296916
1900.0  894095 -70.9564994 42.4763383
1995.0  894113 -70.9342461 42.4655065
1995.0  594576 -70.9383795 42.4584542
2700.0  752523 -70.9676595 42.2589672
1900.0  883725 -70.9592376 42.466025
3000.0  882921 -70.9820859 42.2214563
2900.0  884561 -70.9454022 42.4681427
2900.0  844766 -70.9392263 42.4610596
1950.0  176315 -70.9580475 42.464992
2100.0  501539 -70.9580475 42.464992
2400.0  851841 -70.9727494 42.462339
2100.0  850680 -70.9660806 42.4653837
2400.0  844332 -70.9686107 42.4610334
1700.0  844323 -70.9366632 42.4692552
2500.0  831474 -70.9346327 42.4703797
1600.0  834655 -70.9632069 42.2658518
2500.0  840281 -70.9686885 42.4550063
2600.0  837499 -70.9397678 42.478333
2500.0  835150 -70.933139 42.4680936
3000.0  829270 -70.908573 42.5271943
2600.0  580411 -70.9569572 42.4649866
2300.0  589002 -70.9569572 42.4649866
2950.0  826460 -70.89153 42.51129
2200.0  529957 -70.9705387 42.457299
1800.0  811913 -70.8806255 42.5448982
2100.0  808688 -70.9248417 42.2159102
3200.0  789714 -70.9751641 42.4662162
3000.0  803969 -70.9473293 42.4718976
2500.0  791529 -70.9696875 42.4670522
2200.0  365156 -70.8627437 42.2718552
2800.0  785837 -70.9662879 42.46058
2650.0  510669 -70.9555855 42.4653942
2300.0  468388 -70.9604208 42.4850632
2300.0  497772 -70.9604208 42.4850632
1800.0  211083 -70.9580475 42.464992
2800.0  163262 -70.9826587 42.236109
2300.0  757705 -70.9325975 42.4780248
2600.0  748601 -70.9294569 42.4723739
3200.0  755701 -70.9622727 42.471394
3200.0  755692 -70.9622727 42.471394
2850.0  748736 -70.937799 42.4737378
3550.0  640986 -70.9584647 42.4681848
2500.0  232624 -70.9491093 42.4745354
2594.0  214105 -70.9567233 42.2152722
2400.0  708612 -70.9381238 42.4791588
2400.0  695465 -70.946886 42.4628766
2400.0  565514 -70.9430398 42.4682532
1600.0  162991 -70.9399353 42.4602586
2200.0  624213 -70.9362548 42.4661881
2650.0  623849 -70.9381241 42.4709432
1650.0  565290 -70.9383795 42.4584542
1440.0  227956 -70.9211495 42.4778856
2950.0  528454 -70.9766452 42.4577737
1990.0  492057 -70.9397031 42.4709188
2200.0  103248 -70.9679846 42.4586379
3155.0 0 981650 -71.083065 42.77529
2570.0 0 991283 -71.0831 42.7753
2500.0 0 963728 -70.8788 42.5598
2750.0 3 712223 -71.14429 42.72078
3200.0 3 993712 -70.8803005 42.5531308
2800.0 4 990781 -71.1644539 42.7158913
1807.0 2 967175 -71.1224 42.7784
2795.0 4 967504 -71.1556145 42.7136051
1995.0 2 967501 -71.1580951 42.7167767
0 0 963754 -70.883483 42.549023
3100.0 3 529727 -70.9570484 42.8675678
2350.0 2 176323 -70.9563053 42.8675134
2175.0 1 214308 -70.937135 42.854822
2325.0 2 458283 -70.9428433 42.8548383
2222.0 1 817847 -71.0830648 42.7752897
2900.0 4 996672 -71.1773046 42.7095475
2300.0 3 556326 -71.1951106 42.7039887
2400.0 3 994449 -71.0908026 42.7743302
1663.0 1 729307 -71.157484 42.879703
2595.0 2 991422 -71.1414884 42.7126421
1300.0 0 987394 -70.768595 42.574734
2400.0 2 962262 -70.768595 42.574734
1800.0 2 922352 -70.768595 42.574734
3006.0 3 986116 -71.171208 42.6991559
3500.0 5 985265 -71.0905159 42.7699515
3500.0 3 179004 -71.1757182 42.7784802
1591.0 0 980560 -70.7731123 42.5769223
1895.0 1 978874 -71.1875677 42.7051117
3000.0 3 973886 -70.8848929 42.5581721
1591.0 1 973307 -70.7731123 42.5769223
2250.0 2 952972 -71.1934288 42.7239885
2800.0 2 961308 -70.8827877 42.5513484
1850.0  957045 -70.9252829 42.5538663
2200.0  885419 -70.9260572 42.8613356
2995.0  931994 -71.0972938 42.7693776
2400.0  951212 -71.1614052 42.7078625
2500.0  947955 -71.1749988 42.7018836
2500.0  945173 -71.1498761 42.6976349
2500.0  933601 -71.1828002 42.7052154
2800.0  791636 -70.9398888 42.8547833
2450.0  917209 -70.8758422 42.8806501
2600.0  928009 -71.0986874 42.7795652
2200.0  558058 -71.1757182 42.7792906
3200.0  885695 -71.0894813 42.7704864
1895.0  120525 -70.8875122 42.8939666
2850.0  843328 -70.8720644 42.8087488
2600.0  816860 -71.1615395 42.715068
2100.0  752444 -71.0883009 42.7730101
2000.0  525001 -71.0901445 42.7768488
2700.0  637880 -71.1761202 42.6958101
3200.0  630107 -71.1735508 42.7122762
2100.0  603923 -71.1739217 42.7003003
2500.0  580003 -71.1637219 42.6906838
3600.0 4 930145 -70.6698204 42.6156087
2500.0 2 972546 -70.6698204 42.6156087
